Order 20:
{0: 1 2 3; 1: 0 14 15; 2: 0 17 19; 3: 0 16 18; 4: 7 8 9; 5: 6 10 11; 6: 5 9 14; 7: 4 10 15; 8: 4 11 16; 9: 4 6 17; 10: 5 7 19; 11: 5 8 18; 12: 14 18 19; 13: 15 16 17; 14: 1 6 12; 15: 1 7 13; 16: 3 8 13; 17: 2 9 13; 18: 3 11 12; 19: 2 10 12}

Satisfies (i)-(iii) with a = 0, b = 1, c = 4, d = 7:

	(i):
	G - 0 - 1:
	Path: 4, 8, 11, 5, 10, 19, 2, 17, 9, 6, 14, 12, 18, 3, 16, 13, 15, 7
	G - 0 - 2:
	Path: 4, 8, 11, 5, 10, 19, 12, 18, 3, 16, 13, 17, 9, 6, 14, 1, 15, 7
	G - 0 - 3:
	Path: 4, 8, 16, 13, 15, 1, 14, 6, 9, 17, 2, 19, 12, 18, 11, 5, 10, 7
	G - 1 - 14:
	Path: 4, 8, 11, 18, 12, 19, 10, 5, 6, 9, 17, 2, 0, 3, 16, 13, 15, 7
	G - 1 - 15:
	Path: 4, 8, 16, 13, 17, 9, 6, 14, 12, 19, 2, 0, 3, 18, 11, 5, 10, 7
	G - 2 - 17:
	Path: 0, 3, 18, 11, 5, 6, 9, 4, 8, 16, 13, 15, 7, 10, 19, 12, 14, 1
	G - 2 - 19:
	Path: 0, 3, 16, 13, 17, 9, 4, 8, 11, 18, 12, 14, 6, 5, 10, 7, 15, 1
	G - 3 - 16:
	Path: 0, 2, 19, 12, 18, 11, 8, 4, 9, 17, 13, 15, 7, 10, 5, 6, 14, 1
	G - 3 - 18:
	Path: 7, 10, 19, 12, 14, 6, 5, 11, 8, 16, 13, 15, 1
	Second path: 0, 2, 17, 9, 4
	G - 4 - 7:
	Path: 0, 2, 19, 10, 5, 11, 8, 16, 3, 18, 12, 14, 6, 9, 17, 13, 15, 1
	G - 4 - 8:
	Path: 0, 2, 17, 9, 6, 5, 11, 18, 3, 16, 13, 15, 7, 10, 19, 12, 14, 1
	G - 4 - 9:
	Path: 0, 2, 17, 13, 15, 7, 10, 19, 12, 18, 3, 16, 8, 11, 5, 6, 14, 1
	G - 5 - 6:
	Path: 0, 2, 17, 9, 4, 8, 11, 18, 3, 16, 13, 15, 7, 10, 19, 12, 14, 1
	G - 5 - 10:
	Path: 4, 8, 11, 18, 12, 19, 2, 0, 3, 16, 13, 17, 9, 6, 14, 1, 15, 7
	G - 5 - 11:
	Path: 0, 2, 17, 13, 15, 7, 10, 19, 12, 18, 3, 16, 8, 4, 9, 6, 14, 1
	G - 6 - 9:
	Path: 4, 8, 16, 13, 17, 2, 0, 3, 18, 11, 5, 10, 19, 12, 14, 1, 15, 7
	G - 6 - 14:
	Path: 0, 2, 19, 12, 18, 3, 16, 13, 17, 9, 4, 8, 11, 5, 10, 7, 15, 1
	G - 7 - 10:
	Path: 0, 2, 19, 12, 14, 6, 5, 11, 18, 3, 16, 8, 4, 9, 17, 13, 15, 1
	G - 7 - 15:
	Path: 0, 2, 17, 13, 16, 3, 18, 11, 8, 4, 9, 6, 5, 10, 19, 12, 14, 1
	G - 8 - 11:
	Path: 7, 15, 13, 16, 3, 18, 12, 19, 10, 5, 6, 14, 1
	Second path: 0, 2, 17, 9, 4
	G - 8 - 16:
	Path: 4, 9, 6, 5, 11, 18, 3, 0, 2, 17, 13, 15, 1, 14, 12, 19, 10, 7
	G - 9 - 17:
	Path: 4, 8, 11, 18, 12, 19, 2, 0, 3, 16, 13, 15, 1, 14, 6, 5, 10, 7
	G - 10 - 19:
	Path: 4, 9, 6, 5, 11, 8, 16, 13, 17, 2, 0, 3, 18, 12, 14, 1, 15, 7
	G - 11 - 18:
	Path: 0, 3, 16, 8, 4, 9, 6, 5, 10, 7, 15, 13, 17, 2, 19, 12, 14, 1
	G - 12 - 14:
	Path: 0, 3, 18, 11, 5, 6, 9, 4, 8, 16, 13, 17, 2, 19, 10, 7, 15, 1
	G - 12 - 18:
	Path: 0, 3, 16, 13, 15, 7, 10, 19, 2, 17, 9, 4, 8, 11, 5, 6, 14, 1
	G - 12 - 19:
	Path: 0, 2, 17, 9, 4, 8, 11, 18, 3, 16, 13, 15, 7, 10, 5, 6, 14, 1
	G - 13 - 15:
	Path: 7, 10, 19, 12, 18, 3, 16, 8, 11, 5, 6, 14, 1
	Second path: 0, 2, 17, 9, 4
	G - 13 - 16:
	Path: 0, 3, 18, 11, 8, 4, 9, 17, 2, 19, 12, 14, 6, 5, 10, 7, 15, 1
	G - 13 - 17:
	Path: 0, 2, 19, 12, 14, 6, 9, 4, 8, 16, 3, 18, 11, 5, 10, 7, 15, 1

	(ii):
	ac-Path: 0, 2, 19, 10, 7, 15, 1, 14, 12, 18, 3, 16, 13, 17, 9, 6, 5, 11, 8, 4
	ad-Path: 0, 2, 17, 9, 4, 8, 11, 5, 6, 14, 1, 15, 13, 16, 3, 18, 12, 19, 10, 7
	bc-Path: 1, 14, 6, 5, 11, 8, 16, 13, 15, 7, 10, 19, 12, 18, 3, 0, 2, 17, 9, 4
	bd-Path: 1, 14, 6, 5, 10, 19, 12, 18, 11, 8, 4, 9, 17, 2, 0, 3, 16, 13, 15, 7
	ab- and cd-paths:
	Path: 7, 15, 13, 16, 3, 18, 11, 8, 4
	Second path: 0, 2, 17, 9, 6, 5, 10, 19, 12, 14, 1

	(iii):
	G - a:
	 cd-Path: 7, 8, 11, 18, 3, 16, 13, 15, 1, 14, 12, 19, 2, 17, 9, 6, 5, 10, 4
	G - b:
	 cd-Path: 7, 8, 16, 3, 0, 2, 19, 10, 5, 11, 18, 12, 14, 6, 9, 17, 13, 15, 4
	G - c:
	 ab-Path: 1, 2, 19, 10, 7, 15, 13, 17, 9, 6, 5, 11, 8, 16, 3, 18, 12, 14, 0
	G - d:
	 ab-Path: 1, 3, 16, 8, 4, 9, 6, 14, 12, 18, 11, 5, 10, 19, 2, 17, 13, 15, 0

	Conditions of Lemma 6 with xG = 2 and yG = 19:
	G - xG:
	Path: 0, 3, 16, 8, 4, 9, 17, 13, 15, 7, 10, 19, 12, 18, 11, 5, 6, 14, 1
	G - yG:
	Path: 0, 2, 17, 13, 16, 3, 18, 12, 14, 6, 9, 4, 8, 11, 5, 10, 7, 15, 1
	Disjoint spanning cycles:
	Path: 7, 15, 13, 16, 3, 18, 12, 19, 10, 5, 11, 8, 4
	Second path: 0, 2, 17, 9, 6, 14, 1

Satisfies (iv)-(vi) with x = 0, y = 1:

	(iv):
	H - x: hamiltonian cycle:
	Path: 2, 17, 9, 6, 5, 10, 7, 4, 8, 11, 18, 3, 16, 13, 15, 1, 14, 12, 19
	H - y: hamiltonian cycle:
	Path: 14, 6, 5, 11, 18, 3, 0, 2, 17, 9, 4, 8, 16, 13, 15, 7, 10, 19, 12
	H - x - y: disjoint spanning ab- and cd-paths:
	Path: 15, 13, 16, 8, 11, 5, 6, 14
	Second path: 2, 17, 9, 4, 7, 10, 19, 12, 18, 3

	(v):
	H - x - y - 2 - 17:
	Path: 3, 18, 11, 5, 6, 9, 4, 8, 16, 13, 15, 7, 10, 19, 12, 14
	H - x - y - 2 - 19:
	Path: 3, 16, 8, 4, 7, 10, 5, 11, 18, 12, 14, 6, 9, 17, 13, 15
	H - x - y - 3 - 16:
	Path: 2, 19, 10, 5, 6, 9, 17, 13, 15, 7, 4, 8, 11, 18, 12, 14
	H - x - y - 3 - 18:
	Path: 2, 17, 9, 4, 7, 10, 19, 12, 14, 6, 5, 11, 8, 16, 13, 15
	H - x - y - 4 - 7:
	Path: 2, 19, 10, 5, 11, 8, 16, 3, 18, 12, 14, 6, 9, 17, 13, 15
	H - x - y - 4 - 8:
	Path: 2, 17, 9, 6, 5, 11, 18, 3, 16, 13, 15, 7, 10, 19, 12, 14
	H - x - y - 4 - 9:
	Path: 2, 17, 13, 15, 7, 10, 19, 12, 18, 3, 16, 8, 11, 5, 6, 14
	H - x - y - 5 - 6:
	Path: 2, 17, 9, 4, 8, 11, 18, 3, 16, 13, 15, 7, 10, 19, 12, 14
	H - x - y - 5 - 10:
	Path: 2, 19, 12, 14, 6, 9, 17, 13, 16, 3, 18, 11, 8, 4, 7, 15
	H - x - y - 5 - 11:
	Path: 2, 17, 13, 15, 7, 10, 19, 12, 18, 3, 16, 8, 4, 9, 6, 14
	H - x - y - 6 - 9:
	Path: 2, 17, 13, 15, 7, 4, 8, 16, 3, 18, 11, 5, 10, 19, 12, 14
	H - x - y - 6 - 14:
	Path: 2, 19, 12, 18, 3, 16, 8, 11, 5, 10, 7, 4, 9, 17, 13, 15
	H - x - y - 7 - 10:
	Path: 2, 19, 12, 14, 6, 5, 11, 18, 3, 16, 8, 4, 9, 17, 13, 15
	H - x - y - 7 - 15:
	Path: 2, 17, 13, 16, 3, 18, 11, 8, 4, 9, 6, 5, 10, 19, 12, 14
	H - x - y - 8 - 11:
	Path: 2, 17, 9, 4, 7, 15, 13, 16, 3, 18, 12, 19, 10, 5, 6, 14
	H - x - y - 8 - 16:
	Path: 3, 18, 11, 5, 10, 7, 4, 9, 6, 14, 12, 19, 2, 17, 13, 15
	H - x - y - 9 - 17:
	Path: 2, 19, 10, 7, 4, 8, 11, 5, 6, 14, 12, 18, 3, 16, 13, 15
	H - x - y - 10 - 19:
	Path: 2, 17, 9, 6, 5, 11, 8, 4, 7, 15, 13, 16, 3, 18, 12, 14
	H - x - y - 11 - 18:
	Path: 3, 16, 8, 4, 9, 6, 5, 10, 7, 15, 13, 17, 2, 19, 12, 14
	H - x - y - 12 - 14:
	Path: 2, 19, 10, 5, 6, 9, 17, 13, 16, 3, 18, 11, 8, 4, 7, 15
	H - x - y - 12 - 18:
	Path: 3, 16, 8, 11, 5, 10, 19, 2, 17, 13, 15, 7, 4, 9, 6, 14
	H - x - y - 12 - 19:
	Path: 2, 17, 9, 4, 8, 11, 18, 3, 16, 13, 15, 7, 10, 5, 6, 14
	H - x - y - 13 - 15:
	Path: 2, 17, 9, 4, 7, 10, 19, 12, 18, 3, 16, 8, 11, 5, 6, 14
	H - x - y - 13 - 16:
	Path: 3, 18, 11, 8, 4, 9, 17, 2, 19, 12, 14, 6, 5, 10, 7, 15
	H - x - y - 13 - 17:
	Path: 2, 19, 10, 5, 11, 8, 16, 3, 18, 12, 14, 6, 9, 4, 7, 15

	(vi)
	Path: 3, 16, 8, 4, 7, 10, 19, 12, 14, 1, 15, 13, 17, 9, 6, 5, 11, 18
	Path: 2, 17, 9, 4, 7, 10, 5, 6, 14, 1, 15, 13, 16, 8, 11, 18, 12, 19
	Path: 6, 5, 10, 19, 12, 18, 11, 8, 4, 7, 15, 13, 16, 3, 0, 2, 17, 9
	Path: 7, 4, 8, 16, 13, 17, 9, 6, 14, 12, 19, 2, 0, 3, 18, 11, 5, 10

Order 22:
{0: 1 2 3; 1: 0 16 21; 2: 0 18 20; 3: 0 17 19; 4: 10 12 14; 5: 11 13 15; 6: 9 12 15; 7: 8 13 14; 8: 7 10 16; 9: 6 11 16; 10: 4 8 17; 11: 5 9 18; 12: 4 6 18; 13: 5 7 17; 14: 4 7 20; 15: 5 6 19; 16: 1 8 9; 17: 3 10 13; 18: 2 11 12; 19: 3 15 21; 20: 2 14 21; 21: 1 19 20}


Satisfies (iv)-(vi) with x = 0, y = 1:

	(iv):
	H - x: hamiltonian cycle:
	Path: 2, 18, 11, 9, 6, 12, 4, 14, 7, 13, 5, 15, 19, 3, 17, 10, 8, 16, 1, 21, 20
	H - y: hamiltonian cycle:
	Path: 16, 8, 7, 13, 17, 10, 4, 14, 20, 21, 19, 3, 0, 2, 18, 12, 6, 15, 5, 11, 9
	H - x - y: disjoint spanning ab- and cd-paths:
	Path: 21, 20, 14, 7, 8, 16
	Second path: 2, 18, 11, 9, 6, 12, 4, 10, 17, 13, 5, 15, 19, 3

	(v):
	H - x - y - 2 - 18:
	Path: 3, 17, 13, 7, 14, 20, 21, 19, 15, 5, 11, 9, 6, 12, 4, 10, 8, 16
	H - x - y - 2 - 20:
	Path: 3, 17, 13, 7, 14, 4, 10, 8, 16, 9, 6, 12, 18, 11, 5, 15, 19, 21
	H - x - y - 3 - 17:
	Path: 2, 18, 12, 6, 15, 19, 21, 20, 14, 4, 10, 8, 7, 13, 5, 11, 9, 16
	H - x - y - 3 - 19:
	Path: 2, 18, 12, 6, 15, 5, 11, 9, 16, 8, 7, 13, 17, 10, 4, 14, 20, 21
	H - x - y - 4 - 10:
	Path: 2, 18, 12, 6, 15, 19, 3, 17, 13, 5, 11, 9, 16, 8, 7, 14, 20, 21
	H - x - y - 4 - 12:
	Path: 2, 18, 11, 9, 6, 15, 5, 13, 7, 14, 20, 21, 19, 3, 17, 10, 8, 16
	H - x - y - 4 - 14:
	Path: 2, 20, 21, 19, 3, 17, 10, 8, 7, 13, 5, 15, 6, 12, 18, 11, 9, 16
	H - x - y - 5 - 11:
	Path: 2, 18, 12, 4, 10, 8, 16, 9, 6, 15, 19, 3, 17, 13, 7, 14, 20, 21
	H - x - y - 5 - 13:
	Path: 3, 17, 10, 8, 7, 14, 4, 12, 6, 15, 19, 21, 20, 2, 18, 11, 9, 16
	H - x - y - 5 - 15:
	Path: 3, 19, 21, 20, 2, 18, 11, 9, 6, 12, 4, 14, 7, 13, 17, 10, 8, 16
	H - x - y - 6 - 9:
	Path: 16, 8, 10, 17, 13, 7, 14, 4, 12, 18, 11, 5, 15, 19, 3
	Second path: 2, 20, 21
	H - x - y - 6 - 12:
	Path: 2, 18, 11, 9, 16, 8, 7, 13, 5, 15, 19, 3, 17, 10, 4, 14, 20, 21
	H - x - y - 6 - 15:
	Path: 2, 18, 12, 4, 10, 8, 7, 14, 20, 21, 19, 3, 17, 13, 5, 11, 9, 16
	H - x - y - 7 - 8:
	Path: 21, 19, 3
	Second path: 2, 20, 14, 4, 10, 17, 13, 5, 15, 6, 12, 18, 11, 9, 16
	H - x - y - 7 - 13:
	Path: 2, 18, 11, 5, 15, 19, 3, 17, 10, 8, 16, 9, 6, 12, 4, 14, 20, 21
	H - x - y - 7 - 14:
	Path: 2, 20, 21, 19, 3, 17, 13, 5, 15, 6, 9, 11, 18, 12, 4, 10, 8, 16
	H - x - y - 8 - 10:
	Path: 2, 20, 21, 19, 3, 17, 13, 7, 14, 4, 12, 18, 11, 5, 15, 6, 9, 16
	H - x - y - 8 - 16:
	Path: 2, 18, 11, 9, 6, 12, 4, 10, 17, 3, 19, 15, 5, 13, 7, 14, 20, 21
	H - x - y - 9 - 11:
	Path: 3, 19, 21, 20, 2, 18, 12, 6, 15, 5, 13, 17, 10, 4, 14, 7, 8, 16
	H - x - y - 9 - 16:
	Path: 2, 18, 11, 5, 13, 7, 8, 10, 17, 3, 19, 15, 6, 12, 4, 14, 20, 21
	H - x - y - 10 - 17:
	Path: 21, 19, 3
	Second path: 2, 20, 14, 4, 12, 18, 11, 9, 6, 15, 5, 13, 7, 8, 16
	H - x - y - 11 - 18:
	Path: 21, 19, 15, 5, 13, 7, 8, 10, 17, 3
	Second path: 2, 20, 14, 4, 12, 6, 9, 16
	H - x - y - 12 - 18:
	Path: 16, 8, 7, 14, 4, 10, 17, 13, 5, 11, 9, 6, 15, 19, 3
	Second path: 2, 20, 21
	H - x - y - 13 - 17:
	Path: 21, 19, 3
	Second path: 2, 20, 14, 7, 8, 10, 4, 12, 18, 11, 5, 15, 6, 9, 16
	H - x - y - 14 - 20:
	Path: 2, 18, 11, 9, 16, 8, 7, 13, 5, 15, 6, 12, 4, 10, 17, 3, 19, 21
	H - x - y - 15 - 19:
	Path: 3, 17, 10, 8, 16, 9, 6, 12, 4, 14, 7, 13, 5, 11, 18, 2, 20, 21
	H - x - y - 19 - 21:
	Path: 3, 17, 10, 8, 7, 13, 5, 15, 6, 12, 4, 14, 20, 2, 18, 11, 9, 16
	H - x - y - 20 - 21:
	Path: 2, 18, 11, 9, 6, 12, 4, 14, 7, 13, 5, 15, 19, 3, 17, 10, 8, 16

	(vi)
	Path: 3, 17, 10, 8, 7, 13, 5, 11, 18, 12, 4, 14, 20, 21, 1, 16, 9, 6, 15, 19
	Path: 2, 18, 11, 9, 6, 12, 4, 10, 17, 13, 5, 15, 19, 21, 1, 16, 8, 7, 14, 20
	Path: 8, 7, 13, 5, 11, 9, 6, 15, 19, 21, 20, 14, 4, 12, 18, 2, 0, 3, 17, 10
	Path: 16, 8, 7, 13, 17, 10, 4, 14, 20, 2, 0, 3, 19, 15, 5, 11, 18, 12, 6, 9

Order 26:
{0: 1 2 3; 1: 0 22 23; 2: 0 20 25; 3: 0 21 24; 4: 7 8 11; 5: 6 9 10; 6: 5 16 17; 7: 4 10 14; 8: 4 9 15; 9: 5 8 14; 10: 5 7 15; 11: 4 12 13; 12: 11 19 23; 13: 11 18 22; 14: 7 9 24; 15: 8 10 25; 16: 6 21 25; 17: 6 20 24; 18: 13 21 23; 19: 12 20 22; 20: 2 17 19; 21: 3 16 18; 22: 1 13 19; 23: 1 12 18; 24: 3 14 17; 25: 2 15 16}

Satisfies (iv)-(vi) with x = 1, y = 22:

	(iv):
	H - x: hamiltonian cycle:
	Path: 22, 13, 11, 4, 7, 10, 5, 6, 16, 25, 15, 8, 9, 14, 24, 17, 20, 2, 0, 3, 21, 18, 23, 12, 19
	H - y: hamiltonian cycle:
	Path: 1, 0, 2, 25, 15, 8, 4, 7, 10, 5, 9, 14, 24, 3, 21, 16, 6, 17, 20, 19, 12, 11, 13, 18, 23
	H - x - y: disjoint spanning ab- and cd-paths:
	Path: 19, 12, 11, 13
	Second path: 0, 2, 20, 17, 6, 16, 25, 15, 8, 4, 7, 10, 5, 9, 14, 24, 3, 21, 18, 23

	(v):
	H - x - y - 0 - 2:
	Path: 23, 18, 21, 3, 24, 14, 7, 4, 8, 9, 5, 10, 15, 25, 16, 6, 17, 20, 19, 12, 11, 13
	H - x - y - 0 - 3:
	Path: 23, 18, 21, 16, 6, 17, 24, 14, 7, 4, 8, 9, 5, 10, 15, 25, 2, 20, 19, 12, 11, 13
	H - x - y - 2 - 20:
	Path: 0, 3, 21, 16, 25, 15, 8, 9, 14, 24, 17, 6, 5, 10, 7, 4, 11, 13, 18, 23, 12, 19
	H - x - y - 2 - 25:
	Path: 0, 3, 24, 17, 20, 19, 12, 23, 18, 21, 16, 6, 5, 9, 14, 7, 10, 15, 8, 4, 11, 13
	H - x - y - 3 - 21:
	Path: 0, 2, 20, 17, 24, 14, 7, 10, 15, 25, 16, 6, 5, 9, 8, 4, 11, 13, 18, 23, 12, 19
	H - x - y - 3 - 24:
	Path: 0, 2, 25, 16, 21, 18, 23, 12, 19, 20, 17, 6, 5, 9, 14, 7, 10, 15, 8, 4, 11, 13
	H - x - y - 4 - 7:
	Path: 23, 18, 21, 3, 0, 2, 25, 16, 6, 5, 10, 15, 8, 9, 14, 24, 17, 20, 19, 12, 11, 13
	H - x - y - 4 - 8:
	Path: 23, 18, 21, 16, 6, 5, 9, 14, 7, 10, 15, 25, 2, 0, 3, 24, 17, 20, 19, 12, 11, 13
	H - x - y - 4 - 11:
	Path: 0, 2, 25, 15, 8, 9, 5, 10, 7, 14, 24, 3, 21, 16, 6, 17, 20, 19, 12, 23, 18, 13
	H - x - y - 5 - 6:
	Path: 0, 2, 20, 17, 24, 3, 21, 16, 25, 15, 10, 7, 14, 9, 8, 4, 11, 13, 18, 23, 12, 19
	H - x - y - 5 - 9:
	Path: 0, 2, 25, 16, 6, 17, 20, 19, 12, 23, 18, 21, 3, 24, 14, 7, 10, 15, 8, 4, 11, 13
	H - x - y - 5 - 10:
	Path: 0, 2, 20, 19, 12, 23, 18, 21, 3, 24, 17, 6, 16, 25, 15, 8, 9, 14, 7, 4, 11, 13
	H - x - y - 6 - 16:
	Path: 23, 18, 21, 3, 0, 2, 25, 15, 8, 4, 7, 10, 5, 9, 14, 24, 17, 20, 19, 12, 11, 13
	H - x - y - 6 - 17:
	Path: 23, 18, 21, 16, 25, 15, 8, 4, 7, 10, 5, 9, 14, 24, 3, 0, 2, 20, 19, 12, 11, 13
	H - x - y - 7 - 10:
	Path: 0, 2, 20, 17, 6, 5, 9, 14, 24, 3, 21, 16, 25, 15, 8, 4, 11, 13, 18, 23, 12, 19
	H - x - y - 7 - 14:
	Path: 0, 2, 20, 19, 12, 23, 18, 21, 3, 24, 17, 6, 16, 25, 15, 10, 5, 9, 8, 4, 11, 13
	H - x - y - 8 - 9:
	Path: 0, 2, 20, 17, 6, 5, 10, 15, 25, 16, 21, 3, 24, 14, 7, 4, 11, 13, 18, 23, 12, 19
	H - x - y - 8 - 15:
	Path: 0, 2, 25, 16, 6, 17, 20, 19, 12, 23, 18, 21, 3, 24, 14, 9, 5, 10, 7, 4, 11, 13
	H - x - y - 9 - 14:
	Path: 23, 18, 21, 16, 6, 5, 10, 7, 4, 8, 15, 25, 2, 0, 3, 24, 17, 20, 19, 12, 11, 13
	H - x - y - 10 - 15:
	Path: 23, 18, 21, 3, 0, 2, 25, 16, 6, 5, 9, 8, 4, 7, 14, 24, 17, 20, 19, 12, 11, 13
	H - x - y - 11 - 12:
	Path: 13, 18, 23
	Second path: 0, 2, 25, 15, 8, 4, 7, 10, 5, 9, 14, 24, 3, 21, 16, 6, 17, 20, 19
	H - x - y - 11 - 13:
	Path: 0, 2, 20, 17, 6, 16, 25, 15, 8, 4, 7, 10, 5, 9, 14, 24, 3, 21, 18, 23, 12, 19
	H - x - y - 12 - 19:
	Path: 23, 18, 21, 3, 0, 2, 20, 17, 24, 14, 7, 10, 15, 25, 16, 6, 5, 9, 8, 4, 11, 13
	H - x - y - 12 - 23:
	Path: 0, 2, 25, 16, 6, 5, 9, 14, 7, 10, 15, 8, 4, 11, 13, 18, 21, 3, 24, 17, 20, 19
	H - x - y - 13 - 18:
	Path: 23, 12, 11, 4, 7, 10, 5, 6, 16, 21, 3, 0, 2, 25, 15, 8, 9, 14, 24, 17, 20, 19
	H - x - y - 14 - 24:
	Path: 0, 3, 21, 16, 6, 17, 20, 2, 25, 15, 8, 9, 5, 10, 7, 4, 11, 13, 18, 23, 12, 19
	H - x - y - 15 - 25:
	Path: 0, 2, 20, 17, 6, 16, 21, 3, 24, 14, 7, 10, 5, 9, 8, 4, 11, 13, 18, 23, 12, 19
	H - x - y - 16 - 21:
	Path: 0, 3, 24, 14, 7, 10, 15, 25, 2, 20, 17, 6, 5, 9, 8, 4, 11, 13, 18, 23, 12, 19
	H - x - y - 16 - 25:
	Path: 0, 2, 20, 19, 12, 23, 18, 21, 3, 24, 17, 6, 5, 9, 14, 7, 10, 15, 8, 4, 11, 13
	H - x - y - 17 - 20:
	Path: 0, 2, 25, 15, 8, 9, 14, 24, 3, 21, 16, 6, 5, 10, 7, 4, 11, 13, 18, 23, 12, 19
	H - x - y - 17 - 24:
	Path: 0, 3, 21, 18, 23, 12, 19, 20, 2, 25, 16, 6, 5, 9, 14, 7, 10, 15, 8, 4, 11, 13
	H - x - y - 18 - 21:
	Path: 23, 12, 19, 20, 17, 24, 3, 0, 2, 25, 16, 6, 5, 9, 14, 7, 10, 15, 8, 4, 11, 13
	H - x - y - 18 - 23:
	Path: 0, 2, 25, 15, 8, 4, 7, 10, 5, 9, 14, 24, 3, 21, 16, 6, 17, 20, 19, 12, 11, 13
	H - x - y - 19 - 20:
	Path: 0, 2, 25, 16, 21, 3, 24, 17, 6, 5, 9, 14, 7, 10, 15, 8, 4, 11, 12, 23, 18, 13

	(vi)
	Path: 3, 21, 16, 25, 2, 20, 19, 22, 13, 18, 23, 12, 11, 4, 7, 14, 9, 8, 15, 10, 5, 6, 17, 24
	Path: 12, 11, 4, 7, 10, 5, 6, 16, 25, 15, 8, 9, 14, 24, 17, 20, 2, 0, 3, 21, 18, 13, 22, 19
	Path: 1, 0, 2, 25, 16, 6, 5, 9, 14, 7, 10, 15, 8, 4, 11, 12, 19, 20, 17, 24, 3, 21, 18, 23
	Path: 1, 0, 2, 20, 17, 6, 16, 25, 15, 8, 4, 7, 10, 5, 9, 14, 24, 3, 21, 18, 13, 11, 12, 23

Order 28:
{0: 1 2 3; 1: 0 22 23; 2: 0 25 27; 3: 0 24 26; 4: 7 8 12; 5: 6 9 12; 6: 5 11 13; 7: 4 10 13; 8: 4 14 18; 9: 5 14 21; 10: 7 15 20; 11: 6 15 19; 12: 4 5 17; 13: 6 7 16; 14: 8 9 26; 15: 10 11 27; 16: 13 17 27; 17: 12 16 26; 18: 8 22 24; 19: 11 22 25; 20: 10 23 25; 21: 9 23 24; 22: 1 18 19; 23: 1 20 21; 24: 3 18 21; 25: 2 19 20; 26: 3 14 17; 27: 2 15 16}

Satisfies (iv)-(vi) with x = 0, y = 1:

	(iv):
	H - x: hamiltonian cycle:
	Path: 2, 25, 19, 11, 6, 5, 12, 4, 7, 13, 16, 17, 26, 3, 24, 21, 9, 14, 8, 18, 22, 1, 23, 20, 10, 15, 27
	H - y: hamiltonian cycle:
	Path: 22, 18, 8, 4, 12, 5, 9, 14, 26, 17, 16, 27, 15, 11, 6, 13, 7, 10, 20, 23, 21, 24, 3, 0, 2, 25, 19
	H - x - y: disjoint spanning ab- and cd-paths:
	Path: 23, 20, 10, 15, 27, 16, 13, 7, 4, 12, 17, 26, 14, 8, 18, 22
	Second path: 2, 25, 19, 11, 6, 5, 9, 21, 24, 3

	(v):
	H - x - y - 2 - 25:
	Path: 3, 24, 18, 8, 4, 7, 10, 20, 23, 21, 9, 14, 26, 17, 12, 5, 6, 13, 16, 27, 15, 11, 19, 22
	H - x - y - 2 - 27:
	Path: 3, 24, 18, 8, 4, 12, 5, 6, 11, 15, 10, 7, 13, 16, 17, 26, 14, 9, 21, 23, 20, 25, 19, 22
	H - x - y - 3 - 24:
	Path: 2, 25, 19, 11, 6, 5, 9, 21, 23, 20, 10, 15, 27, 16, 13, 7, 4, 12, 17, 26, 14, 8, 18, 22
	H - x - y - 3 - 26:
	Path: 2, 25, 19, 11, 6, 13, 7, 4, 8, 14, 9, 5, 12, 17, 16, 27, 15, 10, 20, 23, 21, 24, 18, 22
	H - x - y - 4 - 7:
	Path: 2, 25, 19, 11, 6, 13, 16, 27, 15, 10, 20, 23, 21, 24, 3, 26, 17, 12, 5, 9, 14, 8, 18, 22
	H - x - y - 4 - 8:
	Path: 2, 25, 19, 11, 15, 27, 16, 17, 12, 5, 6, 13, 7, 10, 20, 23, 21, 9, 14, 26, 3, 24, 18, 22
	H - x - y - 4 - 12:
	Path: 2, 25, 19, 11, 15, 27, 16, 17, 26, 3, 24, 21, 23, 20, 10, 7, 13, 6, 5, 9, 14, 8, 18, 22
	H - x - y - 5 - 6:
	Path: 2, 25, 19, 11, 15, 27, 16, 13, 7, 10, 20, 23, 21, 9, 14, 8, 4, 12, 17, 26, 3, 24, 18, 22
	H - x - y - 5 - 9:
	Path: 2, 25, 19, 11, 6, 13, 7, 4, 12, 17, 16, 27, 15, 10, 20, 23, 21, 24, 3, 26, 14, 8, 18, 22
	H - x - y - 5 - 12:
	Path: 2, 25, 19, 11, 6, 13, 7, 4, 8, 14, 9, 21, 23, 20, 10, 15, 27, 16, 17, 26, 3, 24, 18, 22
	H - x - y - 6 - 11:
	Path: 2, 27, 15, 10, 20, 25, 19, 22, 18, 8, 4, 7, 13, 16, 17, 12, 5, 9, 14, 26, 3, 24, 21, 23
	H - x - y - 6 - 13:
	Path: 2, 25, 19, 11, 15, 27, 16, 17, 12, 5, 9, 14, 26, 3, 24, 21, 23, 20, 10, 7, 4, 8, 18, 22
	H - x - y - 7 - 10:
	Path: 2, 27, 15, 11, 19, 25, 20, 23, 21, 9, 5, 6, 13, 16, 17, 12, 4, 8, 14, 26, 3, 24, 18, 22
	H - x - y - 7 - 13:
	Path: 2, 25, 19, 11, 6, 5, 9, 14, 26, 3, 24, 21, 23, 20, 10, 15, 27, 16, 17, 12, 4, 8, 18, 22
	H - x - y - 8 - 14:
	Path: 2, 25, 19, 11, 6, 5, 9, 21, 23, 20, 10, 15, 27, 16, 13, 7, 4, 12, 17, 26, 3, 24, 18, 22
	H - x - y - 8 - 18:
	Path: 3, 24, 21, 23, 20, 10, 7, 4, 12, 5, 9, 14, 26, 17, 16, 13, 6, 11, 15, 27, 2, 25, 19, 22
	H - x - y - 9 - 14:
	Path: 2, 25, 19, 11, 6, 5, 12, 17, 26, 3, 24, 21, 23, 20, 10, 15, 27, 16, 13, 7, 4, 8, 18, 22
	H - x - y - 9 - 21:
	Path: 3, 24, 18, 22, 19, 11, 6, 5, 12, 4, 8, 14, 26, 17, 16, 13, 7, 10, 15, 27, 2, 25, 20, 23
	H - x - y - 10 - 15:
	Path: 2, 27, 16, 13, 7, 4, 8, 14, 9, 21, 23, 20, 25, 19, 11, 6, 5, 12, 17, 26, 3, 24, 18, 22
	H - x - y - 10 - 20:
	Path: 2, 25, 19, 22, 18, 8, 4, 7, 13, 6, 11, 15, 27, 16, 17, 12, 5, 9, 14, 26, 3, 24, 21, 23
	H - x - y - 11 - 15:
	Path: 2, 27, 16, 13, 6, 5, 9, 14, 8, 18, 22, 19, 25, 20, 10, 7, 4, 12, 17, 26, 3, 24, 21, 23
	H - x - y - 11 - 19:
	Path: 2, 25, 20, 23, 21, 9, 5, 6, 13, 7, 10, 15, 27, 16, 17, 12, 4, 8, 14, 26, 3, 24, 18, 22
	H - x - y - 12 - 17:
	Path: 2, 25, 19, 11, 6, 5, 9, 14, 26, 3, 24, 21, 23, 20, 10, 15, 27, 16, 13, 7, 4, 8, 18, 22
	H - x - y - 13 - 16:
	Path: 2, 27, 15, 10, 7, 4, 8, 14, 9, 21, 23, 20, 25, 19, 11, 6, 5, 12, 17, 26, 3, 24, 18, 22
	H - x - y - 14 - 26:
	Path: 3, 24, 18, 8, 4, 7, 10, 15, 27, 2, 25, 20, 23, 21, 9, 5, 12, 17, 16, 13, 6, 11, 19, 22
	H - x - y - 15 - 27:
	Path: 2, 25, 19, 11, 6, 5, 9, 14, 26, 3, 24, 21, 23, 20, 10, 7, 13, 16, 17, 12, 4, 8, 18, 22
	H - x - y - 16 - 17:
	Path: 2, 27, 15, 10, 7, 13, 6, 11, 19, 25, 20, 23, 21, 9, 5, 12, 4, 8, 14, 26, 3, 24, 18, 22
	H - x - y - 16 - 27:
	Path: 2, 25, 19, 11, 15, 10, 20, 23, 21, 9, 14, 8, 4, 7, 13, 6, 5, 12, 17, 26, 3, 24, 18, 22
	H - x - y - 17 - 26:
	Path: 3, 24, 18, 8, 14, 9, 21, 23, 20, 10, 15, 11, 6, 5, 12, 4, 7, 13, 16, 27, 2, 25, 19, 22
	H - x - y - 18 - 22:
	Path: 2, 25, 19, 11, 6, 5, 12, 17, 26, 3, 24, 21, 9, 14, 8, 4, 7, 13, 16, 27, 15, 10, 20, 23
	H - x - y - 18 - 24:
	Path: 3, 26, 14, 8, 4, 7, 10, 15, 27, 2, 25, 20, 23, 21, 9, 5, 12, 17, 16, 13, 6, 11, 19, 22
	H - x - y - 19 - 22:
	Path: 3, 24, 18, 8, 4, 7, 13, 16, 27, 2, 25, 20, 10, 15, 11, 6, 5, 12, 17, 26, 14, 9, 21, 23
	H - x - y - 19 - 25:
	Path: 2, 27, 15, 11, 6, 5, 9, 14, 26, 3, 24, 21, 23, 20, 10, 7, 13, 16, 17, 12, 4, 8, 18, 22
	H - x - y - 20 - 23:
	Path: 3, 24, 21, 9, 5, 6, 13, 16, 27, 2, 25, 19, 11, 15, 10, 7, 4, 12, 17, 26, 14, 8, 18, 22
	H - x - y - 20 - 25:
	Path: 2, 27, 15, 10, 7, 4, 8, 14, 26, 3, 24, 18, 22, 19, 11, 6, 13, 16, 17, 12, 5, 9, 21, 23
	H - x - y - 21 - 23:
	Path: 2, 25, 20, 10, 7, 4, 12, 17, 26, 3, 24, 18, 8, 14, 9, 5, 6, 13, 16, 27, 15, 11, 19, 22
	H - x - y - 21 - 24:
	Path: 3, 26, 14, 9, 5, 6, 11, 15, 27, 2, 25, 19, 22, 18, 8, 4, 12, 17, 16, 13, 7, 10, 20, 23

	(vi)
	Path: 3, 24, 18, 22, 1, 23, 21, 9, 5, 6, 13, 7, 10, 20, 25, 19, 11, 15, 27, 16, 17, 12, 4, 8, 14, 26
	Path: 2, 25, 19, 22, 1, 23, 20, 10, 7, 4, 12, 5, 9, 21, 24, 18, 8, 14, 26, 17, 16, 13, 6, 11, 15, 27
	Path: 18, 8, 4, 7, 10, 15, 11, 19, 25, 20, 23, 21, 9, 14, 26, 17, 12, 5, 6, 13, 16, 27, 2, 0, 3, 24
	Path: 20, 10, 7, 4, 8, 14, 9, 21, 24, 18, 22, 19, 11, 15, 27, 16, 13, 6, 5, 12, 17, 26, 3, 0, 2, 25

Order 30:
{0: 1 2 3; 1: 0 24 25; 2: 0 26 28; 3: 0 27 29; 4: 15 17 23; 5: 9 20 21; 6: 7 11 23; 7: 6 8 19; 8: 7 10 22; 9: 5 11 18; 10: 8 11 16; 11: 6 9 10; 12: 15 22 24; 13: 19 21 29; 14: 16 20 27; 15: 4 12 25; 16: 10 14 25; 17: 4 18 26; 18: 9 17 28; 19: 7 13 26; 20: 5 14 29; 21: 5 13 27; 22: 8 12 28; 23: 4 6 24; 24: 1 12 23; 25: 1 15 16; 26: 2 17 19; 27: 3 14 21; 28: 2 18 22; 29: 3 13 20}

Satisfies (iv)-(vi) with x = 0, y = 1:

	(iv):
	H - x: hamiltonian cycle:
	Path: 2, 26, 17, 4, 23, 24, 1, 25, 15, 12, 22, 8, 10, 16, 14, 20, 5, 21, 27, 3, 29, 13, 19, 7, 6, 11, 9, 18, 28
	H - y: hamiltonian cycle:
	Path: 24, 12, 15, 25, 16, 14, 20, 29, 13, 19, 7, 6, 11, 10, 8, 22, 28, 18, 9, 5, 21, 27, 3, 0, 2, 26, 17, 4, 23
	H - x - y: disjoint spanning ab- and cd-paths:
	Path: 25, 16, 14, 27, 21, 13, 19, 7, 8, 10, 11, 6, 23, 24
	Second path: 2, 26, 17, 4, 15, 12, 22, 28, 18, 9, 5, 20, 29, 3

	(v):
	H - x - y - 2 - 26:
	Path: 3, 27, 21, 5, 9, 11, 10, 8, 22, 28, 18, 17, 4, 23, 6, 7, 19, 13, 29, 20, 14, 16, 25, 15, 12, 24
	H - x - y - 2 - 28:
	Path: 3, 27, 21, 5, 9, 18, 17, 26, 19, 13, 29, 20, 14, 16, 10, 11, 6, 7, 8, 22, 12, 24, 23, 4, 15, 25
	H - x - y - 3 - 27:
	Path: 2, 26, 19, 7, 6, 23, 4, 17, 18, 28, 22, 8, 10, 11, 9, 5, 21, 13, 29, 20, 14, 16, 25, 15, 12, 24
	H - x - y - 3 - 29:
	Path: 2, 26, 19, 13, 21, 27, 14, 20, 5, 9, 11, 6, 7, 8, 10, 16, 25, 15, 12, 22, 28, 18, 17, 4, 23, 24
	H - x - y - 4 - 15:
	Path: 2, 28, 22, 12, 24, 23, 6, 7, 8, 10, 11, 9, 18, 17, 26, 19, 13, 21, 5, 20, 29, 3, 27, 14, 16, 25
	H - x - y - 4 - 17:
	Path: 2, 26, 19, 13, 21, 5, 20, 29, 3, 27, 14, 16, 25, 15, 12, 22, 28, 18, 9, 11, 10, 8, 7, 6, 23, 24
	H - x - y - 4 - 23:
	Path: 3, 27, 21, 5, 9, 18, 17, 26, 2, 28, 22, 8, 10, 11, 6, 7, 19, 13, 29, 20, 14, 16, 25, 15, 12, 24
	H - x - y - 5 - 9:
	Path: 2, 26, 19, 13, 21, 27, 3, 29, 20, 14, 16, 10, 11, 6, 7, 8, 22, 28, 18, 17, 4, 23, 24, 12, 15, 25
	H - x - y - 5 - 20:
	Path: 3, 29, 13, 21, 27, 14, 16, 10, 8, 7, 19, 26, 2, 28, 22, 12, 24, 23, 6, 11, 9, 18, 17, 4, 15, 25
	H - x - y - 5 - 21:
	Path: 3, 27, 14, 20, 29, 13, 19, 7, 8, 10, 16, 25, 15, 4, 23, 6, 11, 9, 18, 17, 26, 2, 28, 22, 12, 24
	H - x - y - 6 - 7:
	Path: 2, 28, 18, 9, 11, 10, 8, 22, 12, 15, 25, 16, 14, 20, 5, 21, 27, 3, 29, 13, 19, 26, 17, 4, 23, 24
	H - x - y - 6 - 11:
	Path: 25, 16, 10, 8, 7, 19, 26, 17, 18, 9, 5, 20, 14, 27, 21, 13, 29, 3
	Second path: 2, 28, 22, 12, 15, 4, 23, 24
	H - x - y - 6 - 23:
	Path: 2, 26, 17, 4, 15, 25, 16, 14, 20, 5, 21, 27, 3, 29, 13, 19, 7, 8, 10, 11, 9, 18, 28, 22, 12, 24
	H - x - y - 7 - 8:
	Path: 25, 15, 4, 23, 6, 11, 10, 16, 14, 20, 29, 13, 19, 26, 17, 18, 9, 5, 21, 27, 3
	Second path: 2, 28, 22, 12, 24
	H - x - y - 7 - 19:
	Path: 24, 12, 15, 4, 23, 6, 11, 9, 5, 20, 14, 27, 21, 13, 29, 3
	Second path: 2, 26, 17, 18, 28, 22, 8, 10, 16, 25
	H - x - y - 8 - 10:
	Path: 25, 16, 14, 20, 29, 13, 19, 7, 6, 11, 9, 5, 21, 27, 3
	Second path: 2, 26, 17, 18, 28, 22, 12, 15, 4, 23, 24
	H - x - y - 8 - 22:
	Path: 25, 16, 10, 11, 9, 5, 20, 14, 27, 21, 13, 29, 3
	Second path: 2, 28, 18, 17, 26, 19, 7, 6, 23, 4, 15, 12, 24
	H - x - y - 9 - 11:
	Path: 2, 26, 19, 13, 21, 5, 20, 29, 3, 27, 14, 16, 10, 8, 7, 6, 23, 24, 12, 22, 28, 18, 17, 4, 15, 25
	H - x - y - 9 - 18:
	Path: 2, 28, 22, 8, 7, 6, 11, 10, 16, 14, 20, 5, 21, 27, 3, 29, 13, 19, 26, 17, 4, 23, 24, 12, 15, 25
	H - x - y - 10 - 11:
	Path: 3, 27, 21, 5, 9, 18, 17, 4, 23, 6, 7, 8, 22, 28, 2, 26, 19, 13, 29, 20, 14, 16, 25, 15, 12, 24
	H - x - y - 10 - 16:
	Path: 3, 27, 14, 20, 29, 13, 21, 5, 9, 11, 6, 23, 24, 12, 22, 8, 7, 19, 26, 2, 28, 18, 17, 4, 15, 25
	H - x - y - 12 - 15:
	Path: 25, 16, 14, 20, 29, 13, 19, 7, 6, 11, 10, 8, 22, 28, 18, 9, 5, 21, 27, 3
	Second path: 2, 26, 17, 4, 23, 24
	H - x - y - 12 - 22:
	Path: 3, 27, 21, 5, 9, 18, 28, 2, 26, 17, 4, 15, 25, 16, 14, 20, 29, 13, 19, 7, 8, 10, 11, 6, 23, 24
	H - x - y - 12 - 24:
	Path: 3, 27, 21, 5, 9, 18, 17, 26, 2, 28, 22, 8, 7, 19, 13, 29, 20, 14, 16, 10, 11, 6, 23, 4, 15, 25
	H - x - y - 13 - 19:
	Path: 3, 29, 20, 5, 21, 27, 14, 16, 25, 15, 4, 23, 6, 7, 8, 10, 11, 9, 18, 17, 26, 2, 28, 22, 12, 24
	H - x - y - 13 - 21:
	Path: 2, 26, 19, 7, 6, 23, 4, 17, 18, 28, 22, 8, 10, 11, 9, 5, 20, 29, 3, 27, 14, 16, 25, 15, 12, 24
	H - x - y - 13 - 29:
	Path: 3, 27, 21, 5, 20, 14, 16, 10, 8, 7, 19, 26, 2, 28, 22, 12, 24, 23, 6, 11, 9, 18, 17, 4, 15, 25
	H - x - y - 14 - 16:
	Path: 2, 26, 19, 13, 21, 27, 3, 29, 20, 5, 9, 11, 10, 8, 7, 6, 23, 24, 12, 22, 28, 18, 17, 4, 15, 25
	H - x - y - 14 - 20:
	Path: 2, 26, 19, 13, 29, 3, 27, 21, 5, 9, 11, 6, 7, 8, 10, 16, 25, 15, 12, 22, 28, 18, 17, 4, 23, 24
	H - x - y - 14 - 27:
	Path: 3, 29, 20, 5, 21, 13, 19, 7, 8, 10, 16, 25, 15, 4, 23, 6, 11, 9, 18, 17, 26, 2, 28, 22, 12, 24
	H - x - y - 15 - 25:
	Path: 2, 28, 18, 9, 11, 10, 16, 14, 20, 5, 21, 27, 3, 29, 13, 19, 26, 17, 4, 23, 6, 7, 8, 22, 12, 24
	H - x - y - 16 - 25:
	Path: 3, 27, 14, 20, 29, 13, 21, 5, 9, 11, 10, 8, 22, 12, 15, 4, 17, 18, 28, 2, 26, 19, 7, 6, 23, 24
	H - x - y - 17 - 18:
	Path: 3, 27, 14, 20, 29, 13, 21, 5, 9, 11, 6, 23, 4, 15, 25, 16, 10, 8, 7, 19, 26, 2, 28, 22, 12, 24
	H - x - y - 17 - 26:
	Path: 2, 28, 18, 9, 11, 6, 7, 19, 13, 21, 5, 20, 29, 3, 27, 14, 16, 10, 8, 22, 12, 24, 23, 4, 15, 25
	H - x - y - 18 - 28:
	Path: 25, 15, 12, 22, 8, 10, 16, 14, 20, 29, 13, 19, 7, 6, 11, 9, 5, 21, 27, 3
	Second path: 2, 26, 17, 4, 23, 24
	H - x - y - 19 - 26:
	Path: 25, 16, 10, 11, 9, 5, 20, 14, 27, 21, 13, 29, 3
	Second path: 2, 28, 18, 17, 4, 15, 12, 22, 8, 7, 6, 23, 24
	H - x - y - 20 - 29:
	Path: 3, 27, 14, 16, 25, 15, 4, 23, 6, 11, 10, 8, 7, 19, 13, 21, 5, 9, 18, 17, 26, 2, 28, 22, 12, 24
	H - x - y - 21 - 27:
	Path: 3, 29, 13, 19, 7, 6, 11, 10, 8, 22, 12, 15, 25, 16, 14, 20, 5, 9, 18, 28, 2, 26, 17, 4, 23, 24
	H - x - y - 22 - 28:
	Path: 2, 26, 19, 13, 21, 5, 20, 29, 3, 27, 14, 16, 10, 8, 7, 6, 11, 9, 18, 17, 4, 23, 24, 12, 15, 25
	H - x - y - 23 - 24:
	Path: 3, 27, 14, 20, 29, 13, 21, 5, 9, 11, 6, 7, 19, 26, 2, 28, 18, 17, 4, 15, 12, 22, 8, 10, 16, 25

	(vi)
	Path: 3, 27, 14, 16, 10, 8, 7, 6, 11, 9, 18, 28, 22, 12, 15, 25, 1, 24, 23, 4, 17, 26, 19, 13, 21, 5, 20, 29
	Path: 2, 26, 17, 4, 23, 24, 1, 25, 15, 12, 22, 8, 10, 16, 14, 27, 21, 5, 20, 29, 13, 19, 7, 6, 11, 9, 18, 28
	Path: 12, 15, 25, 16, 10, 8, 7, 19, 26, 2, 0, 3, 27, 14, 20, 29, 13, 21, 5, 9, 11, 6, 23, 4, 17, 18, 28, 22
	Path: 15, 4, 17, 26, 2, 0, 3, 27, 21, 5, 9, 18, 28, 22, 8, 7, 19, 13, 29, 20, 14, 16, 10, 11, 6, 23, 24, 12

Order 32:
{0: 1 2 3; 1: 0 26 27; 2: 0 28 31; 3: 0 29 30; 4: 21 24 25; 5: 20 22 23; 6: 8 13 22; 7: 9 13 23; 8: 6 12 25; 9: 7 12 24; 10: 11 13 18; 11: 10 12 19; 12: 8 9 11; 13: 6 7 10; 14: 15 21 31; 15: 14 20 30; 16: 17 18 29; 17: 16 19 28; 18: 10 16 30; 19: 11 17 31; 20: 5 15 29; 21: 4 14 28; 22: 5 6 27; 23: 5 7 26; 24: 4 9 27; 25: 4 8 26; 26: 1 23 25; 27: 1 22 24; 28: 2 17 21; 29: 3 16 20; 30: 3 15 18; 31: 2 14 19}

Satisfies (iv)-(vi) with x = 0, y = 1:

	(iv):
	H - x: hamiltonian cycle:
	Path: 2, 28, 17, 16, 18, 30, 3, 29, 20, 15, 14, 21, 4, 24, 27, 1, 26, 25, 8, 12, 9, 7, 23, 5, 22, 6, 13, 10, 11, 19, 31
	H - y: hamiltonian cycle:
	Path: 26, 23, 5, 20, 15, 30, 18, 16, 29, 3, 0, 2, 31, 14, 21, 28, 17, 19, 11, 10, 13, 7, 9, 12, 8, 6, 22, 27, 24, 4, 25
	H - x - y: disjoint spanning ab- and cd-paths:
	Path: 27, 24, 4, 21, 14, 31, 19, 11, 10, 13, 6, 22, 5, 23, 7, 9, 12, 8, 25, 26
	Second path: 2, 28, 17, 16, 18, 30, 15, 20, 29, 3

	(v):
	H - x - y - 2 - 28:
	Path: 3, 29, 20, 15, 30, 18, 16, 17, 19, 31, 14, 21, 4, 24, 27, 22, 5, 23, 7, 9, 12, 11, 10, 13, 6, 8, 25, 26
	H - x - y - 2 - 31:
	Path: 3, 30, 18, 16, 29, 20, 15, 14, 21, 28, 17, 19, 11, 10, 13, 6, 8, 12, 9, 7, 23, 5, 22, 27, 24, 4, 25, 26
	H - x - y - 3 - 29:
	Path: 2, 28, 21, 14, 31, 19, 17, 16, 18, 30, 15, 20, 5, 22, 27, 24, 4, 25, 8, 6, 13, 10, 11, 12, 9, 7, 23, 26
	H - x - y - 3 - 30:
	Path: 2, 31, 19, 17, 28, 21, 14, 15, 20, 29, 16, 18, 10, 11, 12, 9, 7, 13, 6, 8, 25, 4, 24, 27, 22, 5, 23, 26
	H - x - y - 4 - 21:
	Path: 2, 28, 17, 16, 18, 10, 11, 19, 31, 14, 15, 30, 3, 29, 20, 5, 23, 7, 13, 6, 22, 27, 24, 9, 12, 8, 25, 26
	H - x - y - 4 - 24:
	Path: 2, 31, 14, 21, 28, 17, 19, 11, 10, 18, 16, 29, 3, 30, 15, 20, 5, 23, 26, 25, 8, 12, 9, 7, 13, 6, 22, 27
	H - x - y - 4 - 25:
	Path: 2, 31, 14, 21, 28, 17, 19, 11, 10, 18, 16, 29, 3, 30, 15, 20, 5, 22, 27, 24, 9, 12, 8, 6, 13, 7, 23, 26
	H - x - y - 5 - 20:
	Path: 2, 31, 14, 15, 30, 3, 29, 16, 18, 10, 11, 19, 17, 28, 21, 4, 25, 8, 12, 9, 24, 27, 22, 6, 13, 7, 23, 26
	H - x - y - 5 - 22:
	Path: 3, 30, 15, 20, 29, 16, 18, 10, 11, 19, 17, 28, 2, 31, 14, 21, 4, 25, 26, 23, 7, 13, 6, 8, 12, 9, 24, 27
	H - x - y - 5 - 23:
	Path: 3, 30, 15, 20, 29, 16, 18, 10, 11, 19, 17, 28, 2, 31, 14, 21, 4, 24, 27, 22, 6, 13, 7, 9, 12, 8, 25, 26
	H - x - y - 6 - 8:
	Path: 2, 31, 14, 21, 28, 17, 19, 11, 12, 9, 24, 4, 25, 26, 23, 7, 13, 10, 18, 16, 29, 3, 30, 15, 20, 5, 22, 27
	H - x - y - 6 - 13:
	Path: 2, 28, 17, 19, 31, 14, 21, 4, 25, 8, 12, 11, 10, 18, 16, 29, 3, 30, 15, 20, 5, 22, 27, 24, 9, 7, 23, 26
	H - x - y - 6 - 22:
	Path: 3, 29, 16, 18, 30, 15, 20, 5, 23, 26, 25, 8, 12, 9, 7, 13, 10, 11, 19, 17, 28, 2, 31, 14, 21, 4, 24, 27
	H - x - y - 7 - 9:
	Path: 2, 31, 14, 21, 28, 17, 19, 11, 12, 8, 25, 4, 24, 27, 22, 6, 13, 10, 18, 16, 29, 3, 30, 15, 20, 5, 23, 26
	H - x - y - 7 - 13:
	Path: 2, 28, 17, 19, 31, 14, 21, 4, 25, 8, 6, 22, 27, 24, 9, 12, 11, 10, 18, 16, 29, 3, 30, 15, 20, 5, 23, 26
	H - x - y - 7 - 23:
	Path: 3, 29, 16, 18, 30, 15, 20, 5, 22, 27, 24, 9, 12, 8, 6, 13, 10, 11, 19, 17, 28, 2, 31, 14, 21, 4, 25, 26
	H - x - y - 8 - 12:
	Path: 2, 31, 14, 21, 28, 17, 19, 11, 10, 18, 16, 29, 3, 30, 15, 20, 5, 23, 26, 25, 4, 24, 9, 7, 13, 6, 22, 27
	H - x - y - 8 - 25:
	Path: 2, 28, 17, 19, 31, 14, 21, 4, 24, 27, 22, 6, 13, 7, 9, 12, 11, 10, 18, 16, 29, 3, 30, 15, 20, 5, 23, 26
	H - x - y - 9 - 12:
	Path: 2, 31, 14, 21, 28, 17, 19, 11, 10, 18, 16, 29, 3, 30, 15, 20, 5, 22, 27, 24, 4, 25, 8, 6, 13, 7, 23, 26
	H - x - y - 9 - 24:
	Path: 2, 28, 17, 19, 31, 14, 21, 4, 25, 26, 23, 7, 13, 6, 8, 12, 11, 10, 18, 16, 29, 3, 30, 15, 20, 5, 22, 27
	H - x - y - 10 - 11:
	Path: 27, 22, 6, 13, 7, 23, 5, 20, 15, 30, 18, 16, 29, 3
	Second path: 2, 28, 17, 19, 31, 14, 21, 4, 24, 9, 12, 8, 25, 26
	H - x - y - 10 - 13:
	Path: 3, 29, 16, 18, 30, 15, 20, 5, 23, 7, 9, 12, 11, 19, 17, 28, 2, 31, 14, 21, 4, 24, 27, 22, 6, 8, 25, 26
	H - x - y - 10 - 18:
	Path: 2, 28, 17, 16, 29, 3, 30, 15, 20, 5, 22, 27, 24, 9, 12, 11, 19, 31, 14, 21, 4, 25, 8, 6, 13, 7, 23, 26
	H - x - y - 11 - 12:
	Path: 2, 28, 17, 19, 31, 14, 21, 4, 25, 8, 6, 13, 10, 18, 16, 29, 3, 30, 15, 20, 5, 22, 27, 24, 9, 7, 23, 26
	H - x - y - 11 - 19:
	Path: 3, 29, 16, 17, 28, 2, 31, 14, 21, 4, 24, 27, 22, 6, 13, 10, 18, 30, 15, 20, 5, 23, 7, 9, 12, 8, 25, 26
	H - x - y - 14 - 15:
	Path: 2, 31, 19, 11, 10, 13, 6, 22, 27, 24, 4, 21, 28, 17, 16, 18, 30, 3, 29, 20, 5, 23, 7, 9, 12, 8, 25, 26
	H - x - y - 14 - 21:
	Path: 3, 29, 20, 15, 30, 18, 16, 17, 28, 2, 31, 19, 11, 10, 13, 6, 8, 12, 9, 7, 23, 5, 22, 27, 24, 4, 25, 26
	H - x - y - 14 - 31:
	Path: 27, 22, 6, 13, 7, 23, 5, 20, 15, 30, 18, 10, 11, 19, 17, 16, 29, 3
	Second path: 2, 28, 21, 4, 24, 9, 12, 8, 25, 26
	H - x - y - 15 - 20:
	Path: 2, 28, 21, 14, 31, 19, 17, 16, 29, 3, 30, 18, 10, 11, 12, 9, 7, 13, 6, 8, 25, 4, 24, 27, 22, 5, 23, 26
	H - x - y - 15 - 30:
	Path: 27, 22, 6, 13, 7, 23, 5, 20, 29, 3
	Second path: 2, 28, 17, 16, 18, 10, 11, 19, 31, 14, 21, 4, 24, 9, 12, 8, 25, 26
	H - x - y - 16 - 17:
	Path: 2, 28, 21, 4, 24, 27, 22, 5, 23, 7, 9, 12, 11, 19, 31, 14, 15, 20, 29, 3, 30, 18, 10, 13, 6, 8, 25, 26
	H - x - y - 16 - 18:
	Path: 2, 31, 19, 17, 28, 21, 14, 15, 30, 3, 29, 20, 5, 22, 27, 24, 4, 25, 8, 6, 13, 10, 11, 12, 9, 7, 23, 26
	H - x - y - 16 - 29:
	Path: 27, 24, 9, 12, 8, 25, 4, 21, 28, 17, 19, 11, 10, 18, 30, 3
	Second path: 2, 31, 14, 15, 20, 5, 22, 6, 13, 7, 23, 26
	H - x - y - 17 - 19:
	Path: 3, 30, 18, 16, 29, 20, 15, 14, 31, 2, 28, 21, 4, 24, 27, 22, 5, 23, 7, 9, 12, 11, 10, 13, 6, 8, 25, 26
	H - x - y - 17 - 28:
	Path: 27, 24, 4, 21, 14, 15, 20, 29, 16, 18, 30, 3
	Second path: 2, 31, 19, 11, 10, 13, 6, 22, 5, 23, 7, 9, 12, 8, 25, 26
	H - x - y - 18 - 30:
	Path: 3, 29, 16, 17, 19, 11, 10, 13, 6, 22, 27, 24, 4, 21, 28, 2, 31, 14, 15, 20, 5, 23, 7, 9, 12, 8, 25, 26
	H - x - y - 19 - 31:
	Path: 2, 28, 17, 16, 18, 10, 11, 12, 9, 24, 27, 22, 5, 20, 29, 3, 30, 15, 14, 21, 4, 25, 8, 6, 13, 7, 23, 26
	H - x - y - 20 - 29:
	Path: 3, 30, 15, 14, 21, 4, 24, 27, 22, 5, 23, 7, 9, 12, 11, 19, 31, 2, 28, 17, 16, 18, 10, 13, 6, 8, 25, 26
	H - x - y - 21 - 28:
	Path: 2, 31, 14, 15, 20, 5, 22, 27, 24, 4, 25, 8, 6, 13, 10, 18, 30, 3, 29, 16, 17, 19, 11, 12, 9, 7, 23, 26
	H - x - y - 22 - 27:
	Path: 2, 28, 17, 19, 31, 14, 21, 4, 24, 9, 12, 11, 10, 18, 16, 29, 3, 30, 15, 20, 5, 23, 7, 13, 6, 8, 25, 26
	H - x - y - 23 - 26:
	Path: 2, 28, 17, 19, 31, 14, 21, 4, 25, 8, 12, 11, 10, 18, 16, 29, 3, 30, 15, 20, 5, 22, 6, 13, 7, 9, 24, 27
	H - x - y - 24 - 27:
	Path: 3, 29, 16, 18, 30, 15, 20, 5, 22, 6, 13, 10, 11, 19, 17, 28, 2, 31, 14, 21, 4, 25, 8, 12, 9, 7, 23, 26
	H - x - y - 25 - 26:
	Path: 3, 29, 16, 18, 30, 15, 20, 5, 23, 7, 13, 10, 11, 19, 17, 28, 2, 31, 14, 21, 4, 24, 9, 12, 8, 6, 22, 27

	(vi)
	Path: 3, 29, 16, 17, 28, 21, 4, 24, 9, 7, 23, 5, 20, 15, 14, 31, 19, 11, 12, 8, 25, 26, 1, 27, 22, 6, 13, 10, 18, 30
	Path: 2, 28, 17, 16, 29, 20, 5, 22, 6, 8, 25, 4, 21, 14, 15, 30, 18, 10, 13, 7, 23, 26, 1, 27, 24, 9, 12, 11, 19, 31
	Path: 23, 5, 20, 15, 30, 18, 16, 29, 3, 0, 2, 28, 17, 19, 31, 14, 21, 4, 25, 8, 6, 22, 27, 24, 9, 12, 11, 10, 13, 7
	Path: 22, 5, 20, 15, 30, 18, 16, 29, 3, 0, 2, 28, 17, 19, 31, 14, 21, 4, 24, 9, 7, 23, 26, 25, 8, 12, 11, 10, 13, 6

Order 34:
{0: 1 2 3; 1: 0 28 33; 2: 0 29 32; 3: 0 30 31; 4: 20 21 27; 5: 16 18 19; 6: 15 17 19; 7: 14 23 24; 8: 13 22 24; 9: 13 15 20; 10: 14 16 21; 11: 15 23 26; 12: 16 22 25; 13: 8 9 17; 14: 7 10 18; 15: 6 9 11; 16: 5 10 12; 17: 6 13 26; 18: 5 14 25; 19: 5 6 33; 20: 4 9 31; 21: 4 10 30; 22: 8 12 29; 23: 7 11 29; 24: 7 8 28; 25: 12 18 31; 26: 11 17 30; 27: 4 28 32; 28: 1 24 27; 29: 2 22 23; 30: 3 21 26; 31: 3 20 25; 32: 2 27 33; 33: 1 19 32}

Satisfies (iv)-(vi) with x = 0, y = 1:

	(iv):
	H - x: hamiltonian cycle:
	Path: 2, 29, 22, 8, 13, 9, 15, 6, 17, 26, 11, 23, 7, 24, 28, 1, 33, 19, 5, 16, 12, 25, 18, 14, 10, 21, 30, 3, 31, 20, 4, 27, 32
	H - y: hamiltonian cycle:
	Path: 28, 24, 7, 14, 10, 16, 5, 18, 25, 12, 22, 8, 13, 9, 15, 11, 23, 29, 2, 0, 3, 31, 20, 4, 21, 30, 26, 17, 6, 19, 33, 32, 27
	H - x - y: disjoint spanning ab- and cd-paths:
	Path: 33, 32, 27, 28
	Second path: 2, 29, 22, 8, 24, 7, 23, 11, 26, 17, 13, 9, 15, 6, 19, 5, 18, 14, 10, 16, 12, 25, 31, 20, 4, 21, 30, 3

	(v):
	H - x - y - 2 - 29:
	Path: 3, 30, 21, 10, 14, 7, 23, 11, 26, 17, 13, 9, 15, 6, 19, 33, 32, 27, 4, 20, 31, 25, 18, 5, 16, 12, 22, 8, 24, 28
	H - x - y - 2 - 32:
	Path: 3, 30, 21, 10, 14, 7, 23, 29, 22, 12, 16, 5, 18, 25, 31, 20, 4, 27, 28, 24, 8, 13, 9, 15, 11, 26, 17, 6, 19, 33
	H - x - y - 3 - 30:
	Path: 2, 29, 22, 12, 16, 5, 18, 25, 31, 20, 9, 15, 6, 19, 33, 32, 27, 4, 21, 10, 14, 7, 23, 11, 26, 17, 13, 8, 24, 28
	H - x - y - 3 - 31:
	Path: 2, 29, 22, 8, 13, 9, 20, 4, 27, 32, 33, 19, 5, 16, 12, 25, 18, 14, 10, 21, 30, 26, 17, 6, 15, 11, 23, 7, 24, 28
	H - x - y - 4 - 20:
	Path: 3, 31, 25, 12, 22, 8, 13, 9, 15, 11, 23, 29, 2, 32, 27, 28, 24, 7, 14, 18, 5, 16, 10, 21, 30, 26, 17, 6, 19, 33
	H - x - y - 4 - 21:
	Path: 3, 30, 26, 11, 23, 7, 14, 10, 16, 12, 22, 29, 2, 32, 27, 28, 24, 8, 13, 17, 6, 15, 9, 20, 31, 25, 18, 5, 19, 33
	H - x - y - 4 - 27:
	Path: 3, 30, 21, 10, 14, 7, 23, 29, 2, 32, 33, 19, 6, 15, 11, 26, 17, 13, 9, 20, 31, 25, 18, 5, 16, 12, 22, 8, 24, 28
	H - x - y - 5 - 16:
	Path: 2, 29, 23, 7, 24, 8, 22, 12, 25, 18, 14, 10, 21, 4, 20, 31, 3, 30, 26, 11, 15, 9, 13, 17, 6, 19, 33, 32, 27, 28
	H - x - y - 5 - 18:
	Path: 2, 32, 27, 28, 24, 8, 22, 29, 23, 7, 14, 10, 16, 12, 25, 31, 3, 30, 21, 4, 20, 9, 13, 17, 26, 11, 15, 6, 19, 33
	H - x - y - 5 - 19:
	Path: 2, 29, 23, 7, 14, 18, 25, 31, 3, 30, 26, 11, 15, 6, 17, 13, 9, 20, 4, 21, 10, 16, 12, 22, 8, 24, 28, 27, 32, 33
	H - x - y - 6 - 15:
	Path: 2, 29, 22, 8, 24, 7, 23, 11, 26, 17, 13, 9, 20, 4, 21, 30, 3, 31, 25, 12, 16, 10, 14, 18, 5, 19, 33, 32, 27, 28
	H - x - y - 6 - 17:
	Path: 2, 32, 27, 28, 24, 7, 23, 29, 22, 8, 13, 9, 15, 11, 26, 30, 3, 31, 20, 4, 21, 10, 14, 18, 25, 12, 16, 5, 19, 33
	H - x - y - 6 - 19:
	Path: 2, 29, 22, 8, 13, 17, 26, 30, 3, 31, 25, 12, 16, 5, 18, 14, 10, 21, 4, 20, 9, 15, 11, 23, 7, 24, 28, 27, 32, 33
	H - x - y - 7 - 14:
	Path: 2, 29, 23, 11, 26, 17, 13, 9, 15, 6, 19, 33, 32, 27, 4, 20, 31, 3, 30, 21, 10, 16, 5, 18, 25, 12, 22, 8, 24, 28
	H - x - y - 7 - 23:
	Path: 3, 30, 21, 10, 14, 18, 25, 31, 20, 4, 27, 28, 24, 8, 13, 9, 15, 11, 26, 17, 6, 19, 5, 16, 12, 22, 29, 2, 32, 33
	H - x - y - 7 - 24:
	Path: 2, 29, 23, 11, 15, 6, 17, 26, 30, 3, 31, 25, 18, 14, 10, 21, 4, 20, 9, 13, 8, 22, 12, 16, 5, 19, 33, 32, 27, 28
	H - x - y - 8 - 13:
	Path: 2, 29, 22, 12, 25, 18, 14, 10, 16, 5, 19, 33, 32, 27, 4, 21, 30, 3, 31, 20, 9, 15, 6, 17, 26, 11, 23, 7, 24, 28
	H - x - y - 8 - 22:
	Path: 3, 30, 21, 10, 16, 12, 25, 31, 20, 4, 27, 28, 24, 7, 14, 18, 5, 19, 6, 15, 9, 13, 17, 26, 11, 23, 29, 2, 32, 33
	H - x - y - 8 - 24:
	Path: 2, 29, 22, 12, 16, 5, 18, 25, 31, 3, 30, 26, 17, 13, 9, 20, 4, 21, 10, 14, 7, 23, 11, 15, 6, 19, 33, 32, 27, 28
	H - x - y - 9 - 13:
	Path: 2, 29, 22, 8, 24, 7, 23, 11, 15, 6, 17, 26, 30, 3, 31, 20, 4, 21, 10, 14, 18, 25, 12, 16, 5, 19, 33, 32, 27, 28
	H - x - y - 9 - 15:
	Path: 2, 29, 22, 8, 13, 17, 6, 19, 5, 16, 12, 25, 18, 14, 10, 21, 4, 20, 31, 3, 30, 26, 11, 23, 7, 24, 28, 27, 32, 33
	H - x - y - 9 - 20:
	Path: 2, 29, 22, 8, 13, 17, 26, 30, 3, 31, 25, 12, 16, 5, 18, 14, 10, 21, 4, 27, 32, 33, 19, 6, 15, 11, 23, 7, 24, 28
	H - x - y - 10 - 14:
	Path: 2, 29, 23, 7, 24, 8, 22, 12, 16, 5, 18, 25, 31, 3, 30, 21, 4, 20, 9, 13, 17, 26, 11, 15, 6, 19, 33, 32, 27, 28
	H - x - y - 10 - 16:
	Path: 2, 29, 22, 12, 25, 31, 3, 30, 21, 4, 20, 9, 15, 6, 19, 5, 18, 14, 7, 23, 11, 26, 17, 13, 8, 24, 28, 27, 32, 33
	H - x - y - 10 - 21:
	Path: 2, 29, 23, 7, 14, 18, 25, 31, 3, 30, 26, 11, 15, 6, 17, 13, 9, 20, 4, 27, 32, 33, 19, 5, 16, 12, 22, 8, 24, 28
	H - x - y - 11 - 15:
	Path: 2, 32, 27, 28, 24, 7, 23, 29, 22, 8, 13, 9, 20, 4, 21, 10, 14, 18, 5, 16, 12, 25, 31, 3, 30, 26, 17, 6, 19, 33
	H - x - y - 11 - 23:
	Path: 2, 29, 22, 12, 16, 5, 18, 25, 31, 3, 30, 26, 17, 13, 8, 24, 7, 14, 10, 21, 4, 20, 9, 15, 6, 19, 33, 32, 27, 28
	H - x - y - 11 - 26:
	Path: 2, 32, 33, 19, 5, 16, 10, 14, 18, 25, 12, 22, 29, 23, 7, 24, 8, 13, 17, 6, 15, 9, 20, 31, 3, 30, 21, 4, 27, 28
	H - x - y - 12 - 16:
	Path: 2, 32, 27, 28, 24, 7, 14, 10, 21, 4, 20, 9, 13, 8, 22, 29, 23, 11, 15, 6, 17, 26, 30, 3, 31, 25, 18, 5, 19, 33
	H - x - y - 12 - 22:
	Path: 2, 29, 23, 11, 15, 6, 17, 26, 30, 3, 31, 25, 18, 14, 7, 24, 8, 13, 9, 20, 4, 21, 10, 16, 5, 19, 33, 32, 27, 28
	H - x - y - 12 - 25:
	Path: 2, 32, 33, 19, 6, 15, 9, 13, 17, 26, 11, 23, 29, 22, 8, 24, 7, 14, 18, 5, 16, 10, 21, 30, 3, 31, 20, 4, 27, 28
	H - x - y - 13 - 17:
	Path: 2, 29, 22, 8, 24, 7, 23, 11, 26, 30, 3, 31, 25, 12, 16, 5, 18, 14, 10, 21, 4, 20, 9, 15, 6, 19, 33, 32, 27, 28
	H - x - y - 14 - 18:
	Path: 2, 29, 22, 12, 25, 31, 3, 30, 26, 11, 23, 7, 24, 8, 13, 17, 6, 15, 9, 20, 4, 21, 10, 16, 5, 19, 33, 32, 27, 28
	H - x - y - 17 - 26:
	Path: 2, 29, 22, 12, 16, 5, 18, 25, 31, 3, 30, 21, 10, 14, 7, 23, 11, 15, 6, 19, 33, 32, 27, 4, 20, 9, 13, 8, 24, 28
	H - x - y - 18 - 25:
	Path: 2, 29, 22, 12, 16, 5, 19, 33, 32, 27, 4, 20, 31, 3, 30, 21, 10, 14, 7, 23, 11, 26, 17, 6, 15, 9, 13, 8, 24, 28
	H - x - y - 19 - 33:
	Path: 3, 30, 21, 10, 14, 18, 5, 16, 12, 25, 31, 20, 4, 27, 32, 2, 29, 22, 8, 13, 9, 15, 6, 17, 26, 11, 23, 7, 24, 28
	H - x - y - 20 - 31:
	Path: 3, 30, 26, 11, 15, 9, 13, 17, 6, 19, 5, 16, 10, 21, 4, 27, 28, 24, 8, 22, 12, 25, 18, 14, 7, 23, 29, 2, 32, 33
	H - x - y - 21 - 30:
	Path: 3, 31, 25, 12, 16, 10, 14, 18, 5, 19, 6, 15, 9, 20, 4, 27, 28, 24, 7, 23, 11, 26, 17, 13, 8, 22, 29, 2, 32, 33
	H - x - y - 22 - 29:
	Path: 2, 32, 27, 28, 24, 8, 13, 9, 20, 4, 21, 10, 16, 12, 25, 31, 3, 30, 26, 17, 6, 15, 11, 23, 7, 14, 18, 5, 19, 33
	H - x - y - 23 - 29:
	Path: 2, 32, 27, 28, 24, 7, 14, 10, 21, 4, 20, 9, 15, 11, 26, 30, 3, 31, 25, 18, 5, 16, 12, 22, 8, 13, 17, 6, 19, 33
	H - x - y - 24 - 28:
	Path: 2, 29, 22, 8, 13, 17, 26, 11, 23, 7, 14, 10, 16, 12, 25, 18, 5, 19, 6, 15, 9, 20, 31, 3, 30, 21, 4, 27, 32, 33
	H - x - y - 25 - 31:
	Path: 3, 30, 21, 10, 14, 18, 5, 16, 12, 22, 8, 24, 7, 23, 29, 2, 32, 33, 19, 6, 15, 11, 26, 17, 13, 9, 20, 4, 27, 28
	H - x - y - 26 - 30:
	Path: 3, 31, 20, 9, 13, 17, 6, 15, 11, 23, 7, 24, 8, 22, 29, 2, 32, 33, 19, 5, 16, 12, 25, 18, 14, 10, 21, 4, 27, 28
	H - x - y - 27 - 28:
	Path: 3, 30, 21, 4, 20, 31, 25, 12, 16, 10, 14, 18, 5, 19, 6, 15, 9, 13, 17, 26, 11, 23, 7, 24, 8, 22, 29, 2, 32, 33
	H - x - y - 27 - 32:
	Path: 33, 19, 5, 18, 14, 10, 16, 12, 25, 31, 20, 4, 21, 30, 3
	Second path: 2, 29, 22, 8, 13, 9, 15, 6, 17, 26, 11, 23, 7, 24, 28
	H - x - y - 32 - 33:
	Path: 2, 29, 22, 8, 24, 7, 23, 11, 26, 17, 13, 9, 15, 6, 19, 5, 16, 12, 25, 18, 14, 10, 21, 30, 3, 31, 20, 4, 27, 28

	(vi)
	Path: 3, 30, 21, 4, 27, 32, 33, 1, 28, 24, 8, 22, 29, 23, 7, 14, 10, 16, 12, 25, 18, 5, 19, 6, 15, 11, 26, 17, 13, 9, 20, 31
	Path: 2, 29, 22, 8, 13, 9, 15, 11, 23, 7, 24, 28, 1, 33, 19, 6, 17, 26, 30, 21, 10, 14, 18, 5, 16, 12, 25, 31, 20, 4, 27, 32
	Path: 24, 7, 14, 10, 21, 4, 27, 32, 33, 19, 6, 15, 11, 23, 29, 2, 0, 3, 30, 26, 17, 13, 9, 20, 31, 25, 18, 5, 16, 12, 22, 8
	Path: 19, 5, 18, 14, 10, 16, 12, 25, 31, 20, 4, 21, 30, 3, 0, 2, 32, 27, 28, 24, 7, 23, 29, 22, 8, 13, 9, 15, 11, 26, 17, 6

Order 36:
{0: 1 2 3; 1: 0 30 33; 2: 0 32 35; 3: 0 31 34; 4: 5 9 13; 5: 4 8 12; 6: 8 10 20; 7: 9 11 21; 8: 5 6 21; 9: 4 7 20; 10: 6 17 19; 11: 7 16 18; 12: 5 15 19; 13: 4 14 18; 14: 13 25 29; 15: 12 24 28; 16: 11 25 27; 17: 10 24 26; 18: 11 13 23; 19: 10 12 22; 20: 6 9 23; 21: 7 8 22; 22: 19 21 35; 23: 18 20 34; 24: 15 17 35; 25: 14 16 34; 26: 17 32 33; 27: 16 31 33; 28: 15 30 32; 29: 14 30 31; 30: 1 28 29; 31: 3 27 29; 32: 2 26 28; 33: 1 26 27; 34: 3 23 25; 35: 2 22 24}

Satisfies (iv)-(vi) with x = 0, y = 1:

	(iv):
	H - x: hamiltonian cycle:
	Path: 2, 32, 26, 17, 10, 6, 8, 5, 12, 19, 22, 21, 7, 11, 18, 13, 4, 9, 20, 23, 34, 3, 31, 29, 14, 25, 16, 27, 33, 1, 30, 28, 15, 24, 35
	H - y: hamiltonian cycle:
	Path: 30, 28, 15, 12, 19, 10, 17, 24, 35, 22, 21, 7, 9, 4, 5, 8, 6, 20, 23, 34, 25, 14, 13, 18, 11, 16, 27, 33, 26, 32, 2, 0, 3, 31, 29
	H - x - y: disjoint spanning ab- and cd-paths:
	Path: 33, 27, 31, 29, 14, 13, 4, 5, 12, 19, 22, 35, 24, 15, 28, 30
	Second path: 2, 32, 26, 17, 10, 6, 8, 21, 7, 9, 20, 23, 18, 11, 16, 25, 34, 3

	(v):
	H - x - y - 2 - 32:
	Path: 3, 31, 29, 14, 13, 4, 5, 8, 21, 22, 35, 24, 17, 26, 33, 27, 16, 25, 34, 23, 18, 11, 7, 9, 20, 6, 10, 19, 12, 15, 28, 30
	H - x - y - 2 - 35:
	Path: 3, 31, 29, 14, 13, 4, 5, 8, 21, 22, 19, 12, 15, 24, 17, 10, 6, 20, 9, 7, 11, 18, 23, 34, 25, 16, 27, 33, 26, 32, 28, 30
	H - x - y - 3 - 31:
	Path: 2, 32, 28, 15, 12, 5, 4, 9, 20, 23, 34, 25, 16, 27, 33, 26, 17, 24, 35, 22, 19, 10, 6, 8, 21, 7, 11, 18, 13, 14, 29, 30
	H - x - y - 3 - 34:
	Path: 2, 32, 28, 15, 12, 5, 4, 9, 20, 23, 18, 13, 14, 25, 16, 11, 7, 21, 8, 6, 10, 19, 22, 35, 24, 17, 26, 33, 27, 31, 29, 30
	H - x - y - 4 - 5:
	Path: 2, 32, 28, 15, 12, 19, 10, 6, 8, 21, 22, 35, 24, 17, 26, 33, 27, 16, 11, 7, 9, 20, 23, 18, 13, 14, 25, 34, 3, 31, 29, 30
	H - x - y - 4 - 9:
	Path: 2, 32, 28, 15, 12, 5, 8, 21, 7, 11, 16, 25, 34, 3, 31, 27, 33, 26, 17, 24, 35, 22, 19, 10, 6, 20, 23, 18, 13, 14, 29, 30
	H - x - y - 4 - 13:
	Path: 2, 32, 28, 15, 12, 5, 8, 21, 7, 9, 20, 6, 10, 19, 22, 35, 24, 17, 26, 33, 27, 31, 3, 34, 23, 18, 11, 16, 25, 14, 29, 30
	H - x - y - 5 - 8:
	Path: 2, 32, 28, 15, 12, 19, 10, 6, 20, 9, 4, 13, 14, 25, 16, 27, 33, 26, 17, 24, 35, 22, 21, 7, 11, 18, 23, 34, 3, 31, 29, 30
	H - x - y - 5 - 12:
	Path: 2, 32, 28, 15, 24, 35, 22, 19, 10, 17, 26, 33, 27, 16, 11, 18, 23, 20, 6, 8, 21, 7, 9, 4, 13, 14, 25, 34, 3, 31, 29, 30
	H - x - y - 6 - 8:
	Path: 2, 32, 28, 15, 24, 35, 22, 21, 7, 9, 20, 23, 18, 11, 16, 25, 34, 3, 31, 27, 33, 26, 17, 10, 19, 12, 5, 4, 13, 14, 29, 30
	H - x - y - 6 - 10:
	Path: 2, 32, 28, 15, 12, 19, 22, 35, 24, 17, 26, 33, 27, 16, 11, 7, 21, 8, 5, 4, 9, 20, 23, 18, 13, 14, 25, 34, 3, 31, 29, 30
	H - x - y - 6 - 20:
	Path: 2, 32, 28, 15, 24, 35, 22, 21, 8, 5, 12, 19, 10, 17, 26, 33, 27, 16, 25, 14, 13, 4, 9, 7, 11, 18, 23, 34, 3, 31, 29, 30
	H - x - y - 7 - 9:
	Path: 2, 32, 28, 15, 12, 19, 10, 6, 20, 23, 18, 11, 16, 25, 34, 3, 31, 27, 33, 26, 17, 24, 35, 22, 21, 8, 5, 4, 13, 14, 29, 30
	H - x - y - 7 - 11:
	Path: 2, 32, 28, 15, 12, 19, 10, 6, 20, 9, 4, 5, 8, 21, 22, 35, 24, 17, 26, 33, 27, 16, 25, 14, 13, 18, 23, 34, 3, 31, 29, 30
	H - x - y - 7 - 21:
	Path: 2, 32, 28, 15, 12, 5, 8, 6, 10, 19, 22, 35, 24, 17, 26, 33, 27, 16, 11, 18, 23, 20, 9, 4, 13, 14, 25, 34, 3, 31, 29, 30
	H - x - y - 8 - 21:
	Path: 2, 32, 28, 15, 12, 5, 4, 9, 7, 11, 16, 25, 34, 3, 31, 27, 33, 26, 17, 24, 35, 22, 19, 10, 6, 20, 23, 18, 13, 14, 29, 30
	H - x - y - 9 - 20:
	Path: 2, 32, 28, 15, 12, 5, 4, 13, 14, 25, 16, 27, 33, 26, 17, 24, 35, 22, 19, 10, 6, 8, 21, 7, 11, 18, 23, 34, 3, 31, 29, 30
	H - x - y - 10 - 17:
	Path: 2, 35, 24, 15, 28, 32, 26, 33, 27, 16, 11, 7, 9, 4, 5, 12, 19, 22, 21, 8, 6, 20, 23, 18, 13, 14, 25, 34, 3, 31, 29, 30
	H - x - y - 10 - 19:
	Path: 2, 32, 28, 15, 12, 5, 4, 9, 7, 11, 16, 25, 34, 3, 31, 27, 33, 26, 17, 24, 35, 22, 21, 8, 6, 20, 23, 18, 13, 14, 29, 30
	H - x - y - 11 - 16:
	Path: 2, 32, 28, 15, 12, 5, 4, 13, 18, 23, 20, 9, 7, 21, 8, 6, 10, 19, 22, 35, 24, 17, 26, 33, 27, 31, 3, 34, 25, 14, 29, 30
	H - x - y - 11 - 18:
	Path: 2, 32, 28, 15, 12, 5, 4, 13, 14, 25, 16, 27, 33, 26, 17, 24, 35, 22, 19, 10, 6, 8, 21, 7, 9, 20, 23, 34, 3, 31, 29, 30
	H - x - y - 12 - 15:
	Path: 2, 35, 24, 17, 26, 32, 28, 30, 29, 14, 13, 4, 5, 8, 6, 10, 19, 22, 21, 7, 9, 20, 23, 18, 11, 16, 25, 34, 3, 31, 27, 33
	H - x - y - 12 - 19:
	Path: 2, 32, 28, 15, 24, 35, 22, 21, 7, 9, 20, 23, 18, 11, 16, 25, 34, 3, 31, 27, 33, 26, 17, 10, 6, 8, 5, 4, 13, 14, 29, 30
	H - x - y - 13 - 14:
	Path: 2, 32, 28, 15, 12, 5, 4, 9, 20, 23, 18, 11, 7, 21, 8, 6, 10, 19, 22, 35, 24, 17, 26, 33, 27, 16, 25, 34, 3, 31, 29, 30
	H - x - y - 13 - 18:
	Path: 2, 32, 28, 15, 12, 5, 4, 9, 20, 23, 34, 3, 31, 27, 33, 26, 17, 24, 35, 22, 19, 10, 6, 8, 21, 7, 11, 16, 25, 14, 29, 30
	H - x - y - 14 - 25:
	Path: 2, 32, 28, 15, 12, 5, 4, 13, 18, 11, 16, 27, 33, 26, 17, 24, 35, 22, 19, 10, 6, 8, 21, 7, 9, 20, 23, 34, 3, 31, 29, 30
	H - x - y - 14 - 29:
	Path: 3, 31, 27, 33, 26, 17, 10, 6, 8, 5, 4, 13, 18, 11, 16, 25, 34, 23, 20, 9, 7, 21, 22, 19, 12, 15, 24, 35, 2, 32, 28, 30
	H - x - y - 15 - 24:
	Path: 2, 35, 22, 19, 12, 5, 4, 9, 20, 23, 18, 13, 14, 25, 34, 3, 31, 29, 30, 28, 32, 26, 17, 10, 6, 8, 21, 7, 11, 16, 27, 33
	H - x - y - 15 - 28:
	Path: 2, 32, 26, 33, 27, 16, 11, 7, 9, 4, 5, 12, 19, 10, 17, 24, 35, 22, 21, 8, 6, 20, 23, 18, 13, 14, 25, 34, 3, 31, 29, 30
	H - x - y - 16 - 25:
	Path: 2, 32, 28, 15, 12, 5, 4, 9, 20, 23, 34, 3, 31, 27, 33, 26, 17, 24, 35, 22, 19, 10, 6, 8, 21, 7, 11, 18, 13, 14, 29, 30
	H - x - y - 16 - 27:
	Path: 3, 31, 29, 30, 28, 15, 12, 5, 4, 9, 7, 11, 18, 13, 14, 25, 34, 23, 20, 6, 8, 21, 22, 19, 10, 17, 24, 35, 2, 32, 26, 33
	H - x - y - 17 - 24:
	Path: 2, 35, 22, 19, 10, 6, 8, 21, 7, 9, 20, 23, 18, 11, 16, 25, 34, 3, 31, 27, 33, 26, 32, 28, 15, 12, 5, 4, 13, 14, 29, 30
	H - x - y - 17 - 26:
	Path: 2, 32, 28, 30, 29, 14, 13, 4, 5, 8, 6, 10, 19, 12, 15, 24, 35, 22, 21, 7, 9, 20, 23, 18, 11, 16, 25, 34, 3, 31, 27, 33
	H - x - y - 18 - 23:
	Path: 2, 32, 28, 15, 12, 5, 8, 21, 7, 11, 16, 25, 34, 3, 31, 27, 33, 26, 17, 24, 35, 22, 19, 10, 6, 20, 9, 4, 13, 14, 29, 30
	H - x - y - 19 - 22:
	Path: 2, 35, 24, 17, 10, 6, 8, 21, 7, 9, 20, 23, 18, 11, 16, 25, 34, 3, 31, 27, 33, 26, 32, 28, 15, 12, 5, 4, 13, 14, 29, 30
	H - x - y - 20 - 23:
	Path: 2, 32, 28, 15, 12, 5, 4, 9, 7, 21, 8, 6, 10, 19, 22, 35, 24, 17, 26, 33, 27, 16, 11, 18, 13, 14, 25, 34, 3, 31, 29, 30
	H - x - y - 21 - 22:
	Path: 2, 35, 24, 17, 10, 19, 12, 15, 28, 32, 26, 33, 27, 16, 11, 7, 9, 4, 5, 8, 6, 20, 23, 18, 13, 14, 25, 34, 3, 31, 29, 30
	H - x - y - 22 - 35:
	Path: 2, 32, 28, 15, 24, 17, 26, 33, 27, 16, 11, 7, 21, 8, 6, 10, 19, 12, 5, 4, 9, 20, 23, 18, 13, 14, 25, 34, 3, 31, 29, 30
	H - x - y - 23 - 34:
	Path: 3, 31, 29, 14, 25, 16, 27, 33, 26, 17, 10, 6, 20, 9, 7, 11, 18, 13, 4, 5, 8, 21, 22, 19, 12, 15, 24, 35, 2, 32, 28, 30
	H - x - y - 24 - 35:
	Path: 2, 32, 28, 15, 12, 5, 4, 9, 7, 11, 16, 25, 34, 3, 31, 27, 33, 26, 17, 10, 19, 22, 21, 8, 6, 20, 23, 18, 13, 14, 29, 30
	H - x - y - 25 - 34:
	Path: 3, 31, 29, 14, 13, 4, 5, 8, 6, 10, 17, 24, 35, 2, 32, 26, 33, 27, 16, 11, 18, 23, 20, 9, 7, 21, 22, 19, 12, 15, 28, 30
	H - x - y - 26 - 32:
	Path: 2, 35, 22, 19, 12, 5, 4, 9, 20, 23, 18, 13, 14, 25, 34, 3, 31, 29, 30, 28, 15, 24, 17, 10, 6, 8, 21, 7, 11, 16, 27, 33
	H - x - y - 26 - 33:
	Path: 3, 31, 27, 16, 11, 7, 9, 20, 6, 8, 21, 22, 19, 10, 17, 24, 35, 2, 32, 28, 15, 12, 5, 4, 13, 18, 23, 34, 25, 14, 29, 30
	H - x - y - 27 - 31:
	Path: 3, 34, 23, 18, 13, 4, 5, 8, 21, 22, 19, 12, 15, 24, 35, 2, 32, 28, 30, 29, 14, 25, 16, 11, 7, 9, 20, 6, 10, 17, 26, 33
	H - x - y - 27 - 33:
	Path: 2, 32, 26, 17, 10, 6, 8, 21, 7, 9, 20, 23, 18, 11, 16, 25, 34, 3, 31, 29, 14, 13, 4, 5, 12, 19, 22, 35, 24, 15, 28, 30
	H - x - y - 28 - 30:
	Path: 3, 31, 29, 14, 13, 4, 5, 8, 21, 22, 19, 12, 15, 24, 35, 2, 32, 26, 17, 10, 6, 20, 9, 7, 11, 18, 23, 34, 25, 16, 27, 33
	H - x - y - 28 - 32:
	Path: 2, 35, 22, 19, 10, 6, 8, 21, 7, 9, 20, 23, 18, 11, 16, 25, 34, 3, 31, 27, 33, 26, 17, 24, 15, 12, 5, 4, 13, 14, 29, 30
	H - x - y - 29 - 30:
	Path: 2, 32, 28, 15, 12, 5, 4, 9, 20, 23, 18, 13, 14, 25, 34, 3, 31, 27, 16, 11, 7, 21, 8, 6, 10, 19, 22, 35, 24, 17, 26, 33
	H - x - y - 29 - 31:
	Path: 3, 34, 23, 18, 11, 7, 9, 20, 6, 8, 21, 22, 19, 10, 17, 24, 35, 2, 32, 26, 33, 27, 16, 25, 14, 13, 4, 5, 12, 15, 28, 30

	(vi)
	Path: 3, 31, 27, 33, 1, 30, 29, 14, 13, 4, 5, 8, 6, 10, 19, 12, 15, 28, 32, 26, 17, 24, 35, 22, 21, 7, 9, 20, 23, 18, 11, 16, 25, 34
	Path: 2, 32, 26, 33, 1, 30, 28, 15, 12, 5, 4, 9, 7, 11, 18, 13, 14, 29, 31, 27, 16, 25, 34, 23, 20, 6, 8, 21, 22, 19, 10, 17, 24, 35
	Path: 28, 15, 12, 5, 4, 9, 7, 11, 16, 25, 34, 3, 0, 2, 35, 24, 17, 10, 19, 22, 21, 8, 6, 20, 23, 18, 13, 14, 29, 31, 27, 33, 26, 32
	Path: 26, 17, 10, 6, 8, 5, 4, 9, 20, 23, 18, 13, 14, 25, 34, 3, 0, 2, 35, 24, 15, 12, 19, 22, 21, 7, 11, 16, 27, 31, 29, 30, 28, 32

Order 44:
{0: 1 2 3; 1: 0 30 35; 2: 0 32 34; 3: 0 31 33; 4: 20 21 28; 5: 19 22 28; 6: 16 24 27; 7: 14 15 18; 8: 16 18 26; 9: 10 11 24; 10: 9 14 40; 11: 9 13 15; 12: 13 14 26; 13: 11 12 17; 14: 7 10 12; 15: 7 11 29; 16: 6 8 42; 17: 13 20 23; 18: 7 8 19; 19: 5 18 27; 20: 4 17 25; 21: 4 22 23; 22: 5 21 25; 23: 17 21 30; 24: 6 9 37; 25: 20 22 32; 26: 8 12 31; 27: 6 19 31; 28: 4 5 33; 29: 15 30 34; 30: 1 23 29; 31: 3 26 27; 32: 2 25 39; 33: 3 28 35; 34: 2 29 35; 35: 1 33 34; 36: 39 40 43; 37: 24 41 43; 38: 39 41 42; 39: 32 36 38; 40: 10 36 41; 41: 37 38 40; 42: 16 38 43; 43: 36 37 42}

Satisfies (iv)-(vi) with x = 0, y = 1:

	(iv):
	H - x: hamiltonian cycle:
	Path: 2, 32, 25, 20, 4, 28, 33, 3, 31, 26, 12, 14, 7, 18, 8, 16, 42, 38, 39, 36, 43, 37, 41, 40, 10, 9, 24, 6, 27, 19, 5, 22, 21, 23, 17, 13, 11, 15, 29, 30, 1, 35, 34
	H - y: hamiltonian cycle:
	Path: 30, 23, 17, 13, 11, 9, 10, 14, 12, 26, 8, 16, 6, 24, 37, 41, 40, 36, 43, 42, 38, 39, 32, 25, 20, 4, 21, 22, 5, 28, 33, 35, 34, 2, 0, 3, 31, 27, 19, 18, 7, 15, 29
	H - x - y: disjoint spanning ab- and cd-paths:
	Path: 35, 34, 29, 30
	Second path: 2, 32, 39, 36, 40, 41, 38, 42, 43, 37, 24, 6, 16, 8, 26, 31, 27, 19, 18, 7, 15, 11, 9, 10, 14, 12, 13, 17, 23, 21, 4, 20, 25, 22, 5, 28, 33, 3

	(v):
	H - x - y - 2 - 32:
	Path: 3, 31, 26, 12, 14, 7, 18, 8, 16, 42, 38, 39, 36, 43, 37, 41, 40, 10, 9, 24, 6, 27, 19, 5, 22, 25, 20, 17, 13, 11, 15, 29, 34, 35, 33, 28, 4, 21, 23, 30
	H - x - y - 2 - 34:
	Path: 3, 31, 26, 8, 16, 42, 38, 41, 40, 10, 9, 11, 15, 29, 30, 23, 17, 13, 12, 14, 7, 18, 19, 27, 6, 24, 37, 43, 36, 39, 32, 25, 20, 4, 21, 22, 5, 28, 33, 35
	H - x - y - 3 - 31:
	Path: 2, 32, 25, 20, 4, 21, 22, 5, 28, 33, 35, 34, 29, 15, 11, 9, 24, 6, 27, 19, 18, 7, 14, 10, 40, 36, 39, 38, 41, 37, 43, 42, 16, 8, 26, 12, 13, 17, 23, 30
	H - x - y - 3 - 33:
	Path: 2, 32, 39, 36, 40, 41, 38, 42, 43, 37, 24, 6, 16, 8, 26, 31, 27, 19, 18, 7, 15, 11, 9, 10, 14, 12, 13, 17, 20, 25, 22, 5, 28, 4, 21, 23, 30, 29, 34, 35
	H - x - y - 4 - 20:
	Path: 3, 31, 26, 12, 14, 7, 18, 8, 16, 42, 38, 39, 36, 43, 37, 41, 40, 10, 9, 24, 6, 27, 19, 5, 28, 33, 35, 34, 2, 32, 25, 22, 21, 23, 17, 13, 11, 15, 29, 30
	H - x - y - 4 - 21:
	Path: 2, 32, 39, 36, 40, 41, 38, 42, 43, 37, 24, 9, 10, 14, 12, 13, 11, 15, 7, 18, 19, 27, 6, 16, 8, 26, 31, 3, 33, 28, 5, 22, 25, 20, 17, 23, 30, 29, 34, 35
	H - x - y - 4 - 28:
	Path: 2, 32, 25, 20, 17, 13, 11, 9, 24, 6, 16, 42, 38, 39, 36, 43, 37, 41, 40, 10, 14, 12, 26, 8, 18, 7, 15, 29, 34, 35, 33, 3, 31, 27, 19, 5, 22, 21, 23, 30
	H - x - y - 5 - 19:
	Path: 3, 31, 27, 6, 16, 42, 38, 41, 40, 10, 14, 7, 18, 8, 26, 12, 13, 17, 23, 21, 22, 25, 20, 4, 28, 33, 35, 34, 2, 32, 39, 36, 43, 37, 24, 9, 11, 15, 29, 30
	H - x - y - 5 - 22:
	Path: 35, 33, 28, 4, 21, 23, 17, 20, 25, 32, 39, 36, 40, 41, 38, 42, 43, 37, 24, 9, 10, 14, 12, 13, 11, 15, 7, 18, 19, 27, 6, 16, 8, 26, 31, 3
	Second path: 2, 34, 29, 30
	H - x - y - 5 - 28:
	Path: 2, 34, 29, 30, 23, 17, 20, 4, 21, 22, 25, 32, 39, 36, 40, 41, 38, 42, 43, 37, 24, 9, 10, 14, 12, 13, 11, 15, 7, 18, 19, 27, 6, 16, 8, 26, 31, 3, 33, 35
	H - x - y - 6 - 16:
	Path: 2, 32, 39, 36, 40, 41, 38, 42, 43, 37, 24, 9, 10, 14, 7, 18, 8, 26, 12, 13, 11, 15, 29, 34, 35, 33, 3, 31, 27, 19, 5, 28, 4, 21, 22, 25, 20, 17, 23, 30
	H - x - y - 6 - 24:
	Path: 3, 33, 35, 34, 2, 32, 25, 20, 4, 28, 5, 22, 21, 23, 17, 13, 11, 9, 10, 40, 36, 39, 38, 41, 37, 43, 42, 16, 8, 18, 19, 27, 31, 26, 12, 14, 7, 15, 29, 30
	H - x - y - 6 - 27:
	Path: 2, 32, 39, 36, 43, 37, 24, 9, 10, 40, 41, 38, 42, 16, 8, 18, 19, 5, 28, 4, 20, 25, 22, 21, 23, 17, 13, 11, 15, 7, 14, 12, 26, 31, 3, 33, 35, 34, 29, 30
	H - x - y - 7 - 14:
	Path: 2, 32, 39, 36, 43, 37, 24, 6, 16, 42, 38, 41, 40, 10, 9, 11, 15, 29, 34, 35, 33, 3, 31, 27, 19, 18, 8, 26, 12, 13, 17, 20, 25, 22, 5, 28, 4, 21, 23, 30
	H - x - y - 7 - 15:
	Path: 2, 32, 25, 20, 4, 28, 5, 22, 21, 23, 17, 13, 11, 9, 24, 6, 16, 42, 38, 39, 36, 43, 37, 41, 40, 10, 14, 12, 26, 8, 18, 19, 27, 31, 3, 33, 35, 34, 29, 30
	H - x - y - 7 - 18:
	Path: 2, 32, 39, 36, 40, 41, 38, 42, 43, 37, 24, 9, 10, 14, 12, 13, 11, 15, 29, 34, 35, 33, 3, 31, 26, 8, 16, 6, 27, 19, 5, 28, 4, 21, 22, 25, 20, 17, 23, 30
	H - x - y - 8 - 16:
	Path: 2, 32, 39, 36, 40, 41, 38, 42, 43, 37, 24, 6, 27, 19, 18, 7, 14, 10, 9, 11, 15, 29, 34, 35, 33, 3, 31, 26, 12, 13, 17, 20, 25, 22, 5, 28, 4, 21, 23, 30
	H - x - y - 8 - 18:
	Path: 2, 32, 39, 36, 43, 37, 24, 9, 10, 40, 41, 38, 42, 16, 6, 27, 19, 5, 28, 4, 20, 25, 22, 21, 23, 17, 13, 11, 15, 7, 14, 12, 26, 31, 3, 33, 35, 34, 29, 30
	H - x - y - 8 - 26:
	Path: 2, 32, 25, 20, 4, 28, 5, 22, 21, 23, 17, 13, 12, 14, 10, 40, 36, 39, 38, 41, 37, 43, 42, 16, 6, 24, 9, 11, 15, 7, 18, 19, 27, 31, 3, 33, 35, 34, 29, 30
	H - x - y - 9 - 10:
	Path: 2, 32, 39, 36, 40, 41, 38, 42, 43, 37, 24, 6, 16, 8, 26, 12, 14, 7, 18, 19, 27, 31, 3, 33, 35, 34, 29, 15, 11, 13, 17, 20, 25, 22, 5, 28, 4, 21, 23, 30
	H - x - y - 9 - 11:
	Path: 2, 32, 39, 36, 43, 37, 24, 6, 16, 42, 38, 41, 40, 10, 14, 7, 15, 29, 34, 35, 33, 3, 31, 27, 19, 18, 8, 26, 12, 13, 17, 20, 25, 22, 5, 28, 4, 21, 23, 30
	H - x - y - 9 - 24:
	Path: 2, 32, 25, 22, 21, 23, 17, 20, 4, 28, 5, 19, 18, 8, 26, 12, 13, 11, 15, 7, 14, 10, 40, 36, 39, 38, 41, 37, 43, 42, 16, 6, 27, 31, 3, 33, 35, 34, 29, 30
	H - x - y - 10 - 14:
	Path: 2, 32, 39, 36, 40, 41, 38, 42, 43, 37, 24, 9, 11, 13, 12, 26, 8, 16, 6, 27, 31, 3, 33, 35, 34, 29, 15, 7, 18, 19, 5, 28, 4, 21, 22, 25, 20, 17, 23, 30
	H - x - y - 10 - 40:
	Path: 2, 32, 25, 20, 4, 28, 5, 22, 21, 23, 17, 13, 12, 14, 7, 15, 11, 9, 24, 37, 41, 38, 39, 36, 43, 42, 16, 6, 27, 19, 18, 8, 26, 31, 3, 33, 35, 34, 29, 30
	H - x - y - 11 - 13:
	Path: 2, 32, 39, 36, 40, 41, 38, 42, 43, 37, 24, 9, 10, 14, 12, 26, 8, 16, 6, 27, 31, 3, 33, 35, 34, 29, 15, 7, 18, 19, 5, 28, 4, 21, 22, 25, 20, 17, 23, 30
	H - x - y - 11 - 15:
	Path: 2, 32, 25, 20, 4, 28, 5, 22, 21, 23, 17, 13, 12, 14, 7, 18, 19, 27, 6, 24, 9, 10, 40, 36, 39, 38, 41, 37, 43, 42, 16, 8, 26, 31, 3, 33, 35, 34, 29, 30
	H - x - y - 12 - 13:
	Path: 2, 32, 39, 36, 43, 37, 24, 9, 11, 15, 29, 34, 35, 33, 3, 31, 26, 8, 18, 7, 14, 10, 40, 41, 38, 42, 16, 6, 27, 19, 5, 28, 4, 21, 22, 25, 20, 17, 23, 30
	H - x - y - 12 - 14:
	Path: 2, 32, 25, 20, 4, 28, 5, 22, 21, 23, 17, 13, 11, 15, 7, 18, 19, 27, 6, 24, 9, 10, 40, 36, 39, 38, 41, 37, 43, 42, 16, 8, 26, 31, 3, 33, 35, 34, 29, 30
	H - x - y - 12 - 26:
	Path: 2, 32, 39, 36, 40, 41, 38, 42, 43, 37, 24, 6, 16, 8, 18, 19, 27, 31, 3, 33, 35, 34, 29, 15, 7, 14, 10, 9, 11, 13, 17, 20, 25, 22, 5, 28, 4, 21, 23, 30
	H - x - y - 13 - 17:
	Path: 2, 32, 39, 36, 43, 37, 24, 6, 27, 31, 3, 33, 35, 34, 29, 15, 11, 9, 10, 40, 41, 38, 42, 16, 8, 26, 12, 14, 7, 18, 19, 5, 28, 4, 20, 25, 22, 21, 23, 30
	H - x - y - 15 - 29:
	Path: 2, 34, 35, 33, 3, 31, 26, 12, 14, 7, 18, 8, 16, 42, 38, 41, 40, 10, 9, 11, 13, 17, 20, 4, 28, 5, 19, 27, 6, 24, 37, 43, 36, 39, 32, 25, 22, 21, 23, 30
	H - x - y - 16 - 42:
	Path: 2, 32, 25, 20, 4, 28, 5, 22, 21, 23, 17, 13, 12, 14, 7, 15, 11, 9, 10, 40, 41, 38, 39, 36, 43, 37, 24, 6, 27, 19, 18, 8, 26, 31, 3, 33, 35, 34, 29, 30
	H - x - y - 17 - 20:
	Path: 2, 34, 29, 30, 23, 21, 4, 28, 5, 22, 25, 32, 39, 36, 40, 41, 38, 42, 43, 37, 24, 9, 10, 14, 12, 13, 11, 15, 7, 18, 19, 27, 6, 16, 8, 26, 31, 3, 33, 35
	H - x - y - 17 - 23:
	Path: 35, 33, 28, 5, 22, 21, 4, 20, 25, 32, 39, 36, 40, 41, 38, 42, 43, 37, 24, 9, 10, 14, 12, 13, 11, 15, 7, 18, 19, 27, 6, 16, 8, 26, 31, 3
	Second path: 2, 34, 29, 30
	H - x - y - 18 - 19:
	Path: 2, 32, 25, 20, 4, 28, 5, 22, 21, 23, 17, 13, 11, 15, 7, 14, 12, 26, 8, 16, 42, 38, 39, 36, 43, 37, 41, 40, 10, 9, 24, 6, 27, 31, 3, 33, 35, 34, 29, 30
	H - x - y - 19 - 27:
	Path: 2, 32, 25, 20, 4, 28, 5, 22, 21, 23, 17, 13, 12, 14, 10, 40, 36, 39, 38, 41, 37, 43, 42, 16, 6, 24, 9, 11, 15, 7, 18, 8, 26, 31, 3, 33, 35, 34, 29, 30
	H - x - y - 20 - 25:
	Path: 2, 32, 39, 36, 40, 41, 38, 42, 43, 37, 24, 9, 10, 14, 12, 26, 8, 16, 6, 27, 31, 3, 33, 28, 4, 21, 22, 5, 19, 18, 7, 15, 11, 13, 17, 23, 30, 29, 34, 35
	H - x - y - 21 - 22:
	Path: 2, 32, 25, 20, 4, 28, 5, 19, 18, 7, 14, 12, 26, 8, 16, 42, 38, 39, 36, 43, 37, 41, 40, 10, 9, 24, 6, 27, 31, 3, 33, 35, 34, 29, 15, 11, 13, 17, 23, 30
	H - x - y - 21 - 23:
	Path: 3, 31, 26, 12, 14, 7, 18, 8, 16, 42, 38, 39, 36, 43, 37, 41, 40, 10, 9, 24, 6, 27, 19, 5, 22, 25, 32, 2, 34, 35, 33, 28, 4, 20, 17, 13, 11, 15, 29, 30
	H - x - y - 22 - 25:
	Path: 2, 32, 39, 36, 40, 41, 38, 42, 43, 37, 24, 9, 10, 14, 12, 26, 8, 16, 6, 27, 31, 3, 33, 28, 5, 19, 18, 7, 15, 11, 13, 17, 20, 4, 21, 23, 30, 29, 34, 35
	H - x - y - 23 - 30:
	Path: 2, 32, 25, 20, 17, 13, 11, 9, 24, 6, 27, 19, 5, 22, 21, 4, 28, 33, 3, 31, 26, 12, 14, 10, 40, 36, 39, 38, 41, 37, 43, 42, 16, 8, 18, 7, 15, 29, 34, 35
	H - x - y - 24 - 37:
	Path: 2, 32, 25, 20, 4, 28, 5, 22, 21, 23, 17, 13, 12, 14, 7, 15, 11, 9, 10, 40, 41, 38, 39, 36, 43, 42, 16, 6, 27, 19, 18, 8, 26, 31, 3, 33, 35, 34, 29, 30
	H - x - y - 25 - 32:
	Path: 30, 23, 21, 22, 5, 19, 27, 31, 3
	Second path: 2, 34, 29, 15, 7, 18, 8, 26, 12, 14, 10, 40, 36, 39, 38, 41, 37, 43, 42, 16, 6, 24, 9, 11, 13, 17, 20, 4, 28, 33, 35
	H - x - y - 26 - 31:
	Path: 3, 33, 35, 34, 2, 32, 25, 22, 21, 23, 17, 20, 4, 28, 5, 19, 27, 6, 24, 9, 10, 40, 36, 39, 38, 41, 37, 43, 42, 16, 8, 18, 7, 14, 12, 13, 11, 15, 29, 30
	H - x - y - 27 - 31:
	Path: 3, 33, 35, 34, 2, 32, 25, 22, 21, 23, 17, 20, 4, 28, 5, 19, 18, 8, 26, 12, 13, 11, 9, 24, 6, 16, 42, 38, 39, 36, 43, 37, 41, 40, 10, 14, 7, 15, 29, 30
	H - x - y - 28 - 33:
	Path: 3, 31, 26, 12, 14, 10, 40, 36, 39, 38, 41, 37, 43, 42, 16, 8, 18, 7, 15, 29, 30, 23, 17, 13, 11, 9, 24, 6, 27, 19, 5, 22, 21, 4, 20, 25, 32, 2, 34, 35
	H - x - y - 29 - 30:
	Path: 3, 33, 28, 4, 21, 23, 17, 20, 25, 22, 5, 19, 18, 8, 16, 6, 27, 31, 26, 12, 13, 11, 15, 7, 14, 10, 9, 24, 37, 41, 40, 36, 43, 42, 38, 39, 32, 2, 34, 35
	H - x - y - 29 - 34:
	Path: 35, 33, 3
	Second path: 2, 32, 39, 36, 40, 41, 38, 42, 43, 37, 24, 6, 16, 8, 26, 31, 27, 19, 18, 7, 15, 11, 9, 10, 14, 12, 13, 17, 20, 25, 22, 5, 28, 4, 21, 23, 30
	H - x - y - 32 - 39:
	Path: 2, 34, 35, 33, 3, 31, 26, 12, 13, 17, 23, 21, 22, 25, 20, 4, 28, 5, 19, 27, 6, 16, 8, 18, 7, 14, 10, 40, 36, 43, 42, 38, 41, 37, 24, 9, 11, 15, 29, 30
	H - x - y - 33 - 35:
	Path: 3, 31, 26, 8, 16, 42, 38, 41, 40, 10, 9, 11, 15, 29, 34, 2, 32, 39, 36, 43, 37, 24, 6, 27, 19, 18, 7, 14, 12, 13, 17, 20, 25, 22, 5, 28, 4, 21, 23, 30
	H - x - y - 34 - 35:
	Path: 2, 32, 25, 20, 4, 28, 33, 3, 31, 26, 12, 14, 7, 18, 8, 16, 42, 38, 39, 36, 43, 37, 41, 40, 10, 9, 24, 6, 27, 19, 5, 22, 21, 23, 17, 13, 11, 15, 29, 30
	H - x - y - 36 - 39:
	Path: 2, 32, 25, 20, 4, 28, 5, 22, 21, 23, 17, 13, 12, 14, 10, 40, 41, 38, 42, 43, 37, 24, 9, 11, 15, 7, 18, 19, 27, 6, 16, 8, 26, 31, 3, 33, 35, 34, 29, 30
	H - x - y - 36 - 40:
	Path: 2, 32, 39, 38, 41, 37, 43, 42, 16, 6, 24, 9, 10, 14, 7, 18, 8, 26, 12, 13, 11, 15, 29, 34, 35, 33, 3, 31, 27, 19, 5, 28, 4, 21, 22, 25, 20, 17, 23, 30
	H - x - y - 36 - 43:
	Path: 2, 32, 39, 38, 42, 16, 6, 27, 19, 5, 28, 4, 20, 25, 22, 21, 23, 17, 13, 12, 14, 10, 40, 41, 37, 24, 9, 11, 15, 7, 18, 8, 26, 31, 3, 33, 35, 34, 29, 30
	H - x - y - 37 - 41:
	Path: 2, 32, 39, 38, 42, 43, 36, 40, 10, 9, 24, 6, 16, 8, 26, 12, 14, 7, 18, 19, 27, 31, 3, 33, 35, 34, 29, 15, 11, 13, 17, 20, 25, 22, 5, 28, 4, 21, 23, 30
	H - x - y - 37 - 43:
	Path: 2, 32, 39, 36, 40, 41, 38, 42, 16, 6, 24, 9, 10, 14, 7, 18, 8, 26, 12, 13, 11, 15, 29, 34, 35, 33, 3, 31, 27, 19, 5, 28, 4, 21, 22, 25, 20, 17, 23, 30
	H - x - y - 38 - 39:
	Path: 2, 32, 25, 20, 4, 28, 5, 22, 21, 23, 17, 13, 12, 14, 10, 9, 11, 15, 7, 18, 19, 27, 6, 24, 37, 41, 40, 36, 43, 42, 16, 8, 26, 31, 3, 33, 35, 34, 29, 30
	H - x - y - 38 - 41:
	Path: 2, 32, 39, 36, 40, 10, 9, 11, 15, 29, 34, 35, 33, 3, 31, 26, 8, 16, 42, 43, 37, 24, 6, 27, 19, 18, 7, 14, 12, 13, 17, 20, 25, 22, 5, 28, 4, 21, 23, 30
	H - x - y - 38 - 42:
	Path: 2, 32, 39, 36, 43, 37, 41, 40, 10, 9, 24, 6, 16, 8, 26, 12, 14, 7, 18, 19, 27, 31, 3, 33, 35, 34, 29, 15, 11, 13, 17, 20, 25, 22, 5, 28, 4, 21, 23, 30
	H - x - y - 40 - 41:
	Path: 2, 32, 25, 20, 4, 28, 5, 22, 21, 23, 17, 13, 12, 14, 10, 9, 11, 15, 7, 18, 19, 27, 6, 24, 37, 43, 36, 39, 38, 42, 16, 8, 26, 31, 3, 33, 35, 34, 29, 30
	H - x - y - 42 - 43:
	Path: 2, 32, 25, 20, 4, 28, 5, 22, 21, 23, 17, 13, 12, 14, 10, 40, 36, 39, 38, 41, 37, 24, 9, 11, 15, 7, 18, 19, 27, 6, 16, 8, 26, 31, 3, 33, 35, 34, 29, 30

	(vi)
	Path: 3, 31, 26, 8, 16, 42, 38, 41, 40, 10, 9, 11, 15, 29, 34, 35, 1, 30, 23, 17, 13, 12, 14, 7, 18, 19, 27, 6, 24, 37, 43, 36, 39, 32, 25, 20, 4, 21, 22, 5, 28, 33
	Path: 2, 32, 39, 36, 40, 41, 38, 42, 43, 37, 24, 6, 16, 8, 26, 31, 27, 19, 18, 7, 15, 11, 9, 10, 14, 12, 13, 17, 23, 21, 4, 20, 25, 22, 5, 28, 33, 35, 1, 30, 29, 34
	Path: 23, 17, 13, 11, 9, 10, 14, 12, 26, 8, 16, 6, 24, 37, 41, 40, 36, 43, 42, 38, 39, 32, 2, 0, 3, 31, 27, 19, 18, 7, 15, 29, 34, 35, 33, 28, 5, 22, 25, 20, 4, 21
	Path: 30, 23, 17, 13, 12, 14, 10, 9, 11, 15, 7, 18, 19, 27, 31, 26, 8, 16, 6, 24, 37, 41, 40, 36, 43, 42, 38, 39, 32, 25, 20, 4, 21, 22, 5, 28, 33, 3, 0, 2, 34, 29
