Order 48: 
{0: 1 2 3 4; 1: 0 5 6; 2: 0 7 8; 3: 0 9 10; 4: 0 11 12; 5: 1 12 13; 6: 1 14 15; 7: 2 15 16; 8: 2 9 17; 9: 3 8 18; 10: 3 19 20 21; 11: 4 21 22 23; 12: 4 5 24; 13: 5 14 25; 14: 6 13 26; 15: 6 7 27 28; 16: 7 17 29; 17: 8 16 30; 18: 9 19 30; 19: 10 18 31; 20: 10 32 33; 21: 10 11 34; 22: 11 35 36; 23: 11 24 37; 24: 12 23 25; 25: 13 24 38; 26: 14 27 38; 27: 15 26 39; 28: 15 29 40; 29: 16 28 41; 30: 17 18 41; 31: 19 40 41; 32: 20 40 42; 33: 20 34 43; 34: 21 33 35; 35: 22 34 44; 36: 22 39 45; 37: 23 38 39; 38: 25 26 37; 39: 27 36 37 46; 40: 28 31 32 46; 41: 29 30 31; 42: 32 43 47; 43: 33 42 44; 44: 35 43 45; 45: 36 44 47; 46: 39 40 47; 47: 42 45 46}

Extendable 5-cycle: 1, 5, 13, 14, 6.

G - v_i:

G - 1: 13, 5, 12, 4, 0, 3, 9, 8, 2, 7, 16, 17, 30, 18, 19, 31, 41, 29, 28, 40, 32, 20, 10, 21, 11, 22, 36, 45, 44, 35, 34, 33, 43, 42, 47, 46, 39, 27, 15, 6, 14, 26, 38, 37, 23, 24, 25
G - 5: 6, 1, 0, 2, 7, 16, 17, 8, 9, 3, 10, 20, 32, 42, 43, 33, 34, 21, 11, 4, 12, 24, 23, 37, 38, 25, 13, 14, 26, 27, 39, 36, 22, 35, 44, 45, 47, 46, 40, 31, 19, 18, 30, 41, 29, 28, 15
G - 13: 1, 0, 2, 7, 16, 17, 8, 9, 3, 10, 21, 34, 33, 20, 32, 42, 43, 44, 35, 22, 36, 45, 47, 46, 40, 31, 19, 18, 30, 41, 29, 28, 15, 6, 14, 26, 27, 39, 37, 38, 25, 24, 23, 11, 4, 12, 5
G - 14: 1, 0, 2, 7, 16, 17, 8, 9, 3, 10, 20, 32, 42, 43, 33, 34, 21, 11, 4, 12, 5, 13, 25, 24, 23, 37, 38, 26, 27, 39, 36, 22, 35, 44, 45, 47, 46, 40, 31, 19, 18, 30, 41, 29, 28, 15, 6
G - 6: 5, 1, 0, 2, 7, 16, 17, 8, 9, 3, 10, 21, 34, 33, 20, 32, 42, 43, 44, 35, 22, 36, 45, 47, 46, 40, 31, 19, 18, 30, 41, 29, 28, 15, 27, 39, 37, 38, 26, 14, 13, 25, 24, 23, 11, 4, 12

G - v_i':

G - 0: 5, 1, 6, 14, 26, 27, 15, 28, 29, 16, 7, 2, 8, 17, 30, 41, 31, 19, 18, 9, 3, 10, 20, 32, 40, 46, 39, 36, 22, 35, 44, 45, 47, 42, 43, 33, 34, 21, 11, 4, 12, 24, 23, 37, 38, 25, 13
G - 12: 13, 5, 1, 6, 15, 7, 2, 8, 9, 18, 19, 31, 41, 30, 17, 16, 29, 28, 40, 46, 47, 42, 32, 20, 33, 43, 44, 45, 36, 22, 35, 34, 21, 10, 3, 0, 4, 11, 23, 24, 25, 38, 37, 39, 27, 26, 14
G - 25: 14, 13, 5, 1, 0, 2, 7, 16, 17, 8, 9, 3, 10, 20, 32, 42, 43, 33, 34, 21, 11, 4, 12, 24, 23, 37, 38, 26, 27, 39, 36, 22, 35, 44, 45, 47, 46, 40, 31, 19, 18, 30, 41, 29, 28, 15, 6
G - 26: 6, 14, 13, 5, 12, 4, 11, 23, 24, 25, 38, 37, 39, 27, 15, 7, 2, 8, 9, 18, 19, 31, 41, 30, 17, 16, 29, 28, 40, 46, 47, 42, 32, 20, 33, 43, 44, 45, 36, 22, 35, 34, 21, 10, 3, 0, 1
G - 15: 1, 6, 14, 13, 25, 24, 23, 37, 38, 26, 27, 39, 36, 22, 11, 21, 10, 20, 32, 42, 43, 33, 34, 35, 44, 45, 47, 46, 40, 28, 29, 16, 7, 2, 8, 17, 30, 41, 31, 19, 18, 9, 3, 0, 4, 12, 5

Order 49: 
{0: 1 2 3; 1: 0 4 5; 2: 0 6 7; 3: 0 8 9; 4: 1 9 10; 5: 1 11 12; 6: 2 12 13 14; 7: 2 8 15; 8: 3 7 16; 9: 3 4 17; 10: 4 18 19 20; 11: 5 20 21; 12: 5 6 22; 13: 6 23 24; 14: 6 15 25; 15: 7 14 26 27; 16: 8 17 27; 17: 9 16 18; 18: 10 17 28; 19: 10 29 30; 20: 10 11 31; 21: 11 32 33; 22: 12 33 34; 23: 13 34 35; 24: 13 25 36; 25: 14 24 37; 26: 15 37 38; 27: 15 16 28; 28: 18 27 38 39; 29: 19 39 40; 30: 19 31 41; 31: 20 30 32; 32: 21 31 42; 33: 21 22 43; 34: 22 23 44; 35: 23 36 45; 36: 24 35 46; 37: 25 26 46; 38: 26 28 47; 39: 28 29 44 45; 40: 29 41 48; 41: 30 40 42; 42: 32 41 43; 43: 33 42 48; 44: 34 39 48; 45: 35 39 47; 46: 36 37 47; 47: 38 45 46; 48: 40 43 44}

Extendable 5-cycle: 0, 2, 7, 8, 3.

G - v_i:

G - 0: 7, 2, 6, 12, 22, 34, 44, 48, 40, 29, 19, 30, 41, 42, 43, 33, 21, 32, 31, 20, 11, 5, 1, 4, 10, 18, 17, 9, 3, 8, 16, 27, 28, 39, 45, 35, 23, 13, 24, 36, 46, 47, 38, 26, 37, 25, 14, 15
G - 2: 3, 0, 1, 4, 10, 19, 29, 39, 44, 34, 22, 33, 21, 32, 42, 43, 48, 40, 41, 30, 31, 20, 11, 5, 12, 6, 13, 23, 35, 45, 47, 38, 26, 37, 46, 36, 24, 25, 14, 15, 7, 8, 16, 27, 28, 18, 17, 9
G - 7: 0, 1, 4, 9, 3, 8, 16, 17, 18, 10, 19, 29, 40, 41, 30, 31, 20, 11, 5, 12, 22, 33, 21, 32, 42, 43, 48, 44, 34, 23, 13, 24, 25, 37, 26, 38, 47, 46, 36, 35, 45, 39, 28, 27, 15, 14, 6, 2
G - 8: 0, 1, 5, 11, 20, 31, 30, 19, 29, 40, 41, 42, 32, 21, 33, 43, 48, 44, 34, 22, 12, 6, 2, 7, 15, 14, 25, 24, 13, 23, 35, 36, 46, 37, 26, 38, 47, 45, 39, 28, 27, 16, 17, 18, 10, 4, 9, 3
G - 3: 2, 0, 1, 4, 9, 17, 16, 8, 7, 15, 27, 28, 18, 10, 19, 29, 40, 48, 43, 33, 21, 32, 42, 41, 30, 31, 20, 11, 5, 12, 22, 34, 44, 39, 45, 35, 23, 13, 24, 36, 46, 47, 38, 26, 37, 25, 14, 6

G - v_i':

G - 1: 2, 0, 3, 8, 16, 27, 28, 18, 17, 9, 4, 10, 19, 29, 39, 44, 34, 22, 33, 21, 32, 42, 43, 48, 40, 41, 30, 31, 20, 11, 5, 12, 6, 13, 23, 35, 45, 47, 38, 26, 37, 46, 36, 24, 25, 14, 15, 7
G - 6: 7, 2, 0, 3, 9, 4, 1, 5, 12, 22, 34, 44, 48, 40, 41, 30, 31, 32, 42, 43, 33, 21, 11, 20, 10, 19, 29, 39, 45, 35, 23, 13, 24, 36, 46, 47, 38, 26, 37, 25, 14, 15, 27, 28, 18, 17, 16, 8
G - 15: 8, 7, 2, 0, 1, 5, 11, 20, 31, 30, 19, 29, 40, 41, 42, 32, 21, 33, 43, 48, 44, 34, 22, 12, 6, 14, 25, 24, 13, 23, 35, 36, 46, 37, 26, 38, 47, 45, 39, 28, 27, 16, 17, 18, 10, 4, 9, 3
G - 16: 3, 8, 7, 2, 6, 12, 5, 11, 20, 10, 19, 29, 40, 48, 43, 42, 41, 30, 31, 32, 21, 33, 22, 34, 44, 39, 45, 35, 23, 13, 24, 36, 46, 47, 38, 26, 37, 25, 14, 15, 27, 28, 18, 17, 9, 4, 1, 0
G - 9: 0, 3, 8, 7, 15, 14, 25, 24, 13, 23, 35, 36, 46, 37, 26, 38, 47, 45, 39, 28, 27, 16, 17, 18, 10, 4, 1, 5, 11, 20, 31, 30, 19, 29, 40, 41, 42, 32, 21, 33, 43, 48, 44, 34, 22, 12, 6, 2

Order 50: 
{0: 1 2 3; 1: 0 4 5; 2: 0 6 7; 3: 0 8 9; 4: 1 9 10; 5: 1 11 12 13; 6: 2 13 14; 7: 2 15 16; 8: 3 16 17; 9: 3 4 18; 10: 4 11 19; 11: 5 10 20; 12: 5 21 22; 13: 5 6 23; 14: 6 24 25; 15: 7 25 26; 16: 7 8 27; 17: 8 18 28 29; 18: 9 17 19; 19: 10 18 30; 20: 11 21 30; 21: 12 20 31; 22: 12 32 33; 23: 13 33 34; 24: 14 34 35; 25: 14 15 36; 26: 15 37 38; 27: 16 28 38; 28: 17 27 39; 29: 17 30 31 40; 30: 19 20 29; 31: 21 29 32; 32: 22 31 41; 33: 22 23 42 43; 34: 23 24 44; 35: 24 36 45; 36: 25 35 37; 37: 26 36 46; 38: 26 27 47; 39: 28 40 48; 40: 29 39 41; 41: 32 40 42; 42: 33 41 48; 43: 33 44 49; 44: 34 43 45; 45: 35 44 46; 46: 37 45 49; 47: 38 48 49; 48: 39 42 47; 49: 43 46 47}

Extendable 5-cycle: 4, 9, 18, 19, 10.

G - v_i:

G - 4: 18, 9, 3, 0, 1, 5, 11, 10, 19, 30, 20, 21, 12, 22, 32, 31, 29, 40, 41, 42, 33, 23, 13, 6, 2, 7, 15, 25, 14, 24, 34, 44, 43, 49, 46, 45, 35, 36, 37, 26, 38, 47, 48, 39, 28, 27, 16, 8, 17
G - 9: 10, 4, 1, 0, 3, 8, 16, 7, 2, 6, 13, 23, 33, 43, 44, 34, 24, 14, 25, 15, 26, 37, 36, 35, 45, 46, 49, 47, 38, 27, 28, 17, 18, 19, 30, 20, 21, 31, 29, 40, 39, 48, 42, 41, 32, 22, 12, 5, 11
G - 18: 4, 1, 0, 2, 6, 13, 5, 11, 10, 19, 30, 20, 21, 12, 22, 32, 31, 29, 17, 28, 27, 38, 47, 48, 39, 40, 41, 42, 33, 23, 34, 24, 14, 25, 36, 35, 45, 44, 43, 49, 46, 37, 26, 15, 7, 16, 8, 3, 9
G - 19: 4, 1, 0, 2, 6, 13, 23, 34, 24, 14, 25, 36, 35, 45, 44, 43, 49, 46, 37, 26, 15, 7, 16, 8, 3, 9, 18, 17, 28, 27, 38, 47, 48, 39, 40, 29, 30, 20, 21, 31, 32, 41, 42, 33, 22, 12, 5, 11, 10
G - 10: 9, 3, 0, 2, 6, 13, 23, 34, 24, 14, 25, 36, 35, 45, 44, 43, 49, 46, 37, 26, 15, 7, 16, 8, 17, 18, 19, 30, 29, 31, 32, 41, 40, 39, 28, 27, 38, 47, 48, 42, 33, 22, 12, 21, 20, 11, 5, 1, 4

G - v_i':

G - 1: 9, 4, 10, 19, 30, 20, 11, 5, 12, 21, 31, 29, 40, 39, 28, 27, 16, 7, 15, 25, 14, 24, 34, 44, 43, 49, 46, 45, 35, 36, 37, 26, 38, 47, 48, 42, 41, 32, 22, 33, 23, 13, 6, 2, 0, 3, 8, 17, 18
G - 3: 18, 9, 4, 10, 11, 5, 1, 0, 2, 6, 13, 23, 34, 24, 14, 25, 36, 35, 45, 44, 43, 49, 46, 37, 26, 15, 7, 16, 8, 17, 28, 27, 38, 47, 48, 39, 40, 29, 31, 32, 41, 42, 33, 22, 12, 21, 20, 30, 19
G - 17: 19, 18, 9, 4, 1, 0, 3, 8, 16, 7, 2, 6, 13, 23, 33, 43, 44, 34, 24, 14, 25, 15, 26, 37, 36, 35, 45, 46, 49, 47, 38, 27, 28, 39, 48, 42, 41, 40, 29, 30, 20, 21, 31, 32, 22, 12, 5, 11, 10
G - 30: 10, 19, 18, 9, 3, 0, 2, 6, 13, 23, 34, 24, 14, 25, 36, 35, 45, 44, 43, 49, 46, 37, 26, 15, 7, 16, 8, 17, 28, 27, 38, 47, 48, 39, 40, 29, 31, 32, 41, 42, 33, 22, 12, 21, 20, 11, 5, 1, 4
G - 11: 4, 10, 19, 18, 17, 8, 16, 7, 2, 6, 13, 23, 33, 43, 44, 34, 24, 14, 25, 15, 26, 37, 36, 35, 45, 46, 49, 47, 38, 27, 28, 39, 48, 42, 41, 40, 29, 30, 20, 21, 31, 32, 22, 12, 5, 1, 0, 3, 9

Order 52: 
{0: 1 2 3; 1: 0 4 5; 2: 0 6 7; 3: 0 8 9; 4: 1 9 10; 5: 1 11 12; 6: 2 12 13; 7: 2 8 14; 8: 3 7 15; 9: 3 4 16; 10: 4 17 18; 11: 5 18 19; 12: 5 6 20; 13: 6 21 22; 14: 7 22 23; 15: 8 16 23 24 25; 16: 9 15 17; 17: 10 16 26; 18: 10 11 27; 19: 11 28 29; 20: 12 29 30; 21: 13 30 31; 22: 13 14 32; 23: 14 15 33; 24: 15 34 35; 25: 15 26 36; 26: 17 25 37; 27: 18 37 38; 28: 19 38 39; 29: 19 20 40; 30: 20 21 41; 31: 21 42 43; 32: 22 33 43; 33: 23 32 34; 34: 24 33 44; 35: 24 36 45; 36: 25 35 46; 37: 26 27 46; 38: 27 28 47; 39: 28 40 48; 40: 29 39 41; 41: 30 40 42; 42: 31 41 48; 43: 31 32 49; 44: 34 45 49; 45: 35 44 50; 46: 36 37 50; 47: 38 50 51; 48: 39 42 51; 49: 43 44 51; 50: 45 46 47; 51: 47 48 49}

Extendable 5-cycle: 4, 9, 16, 17, 10.

G - v_i:

G - 4: 16, 9, 3, 0, 1, 5, 11, 18, 10, 17, 26, 25, 36, 35, 24, 34, 44, 45, 50, 46, 37, 27, 38, 47, 51, 49, 43, 32, 33, 23, 14, 22, 13, 21, 31, 42, 48, 39, 28, 19, 29, 40, 41, 30, 20, 12, 6, 2, 7, 8, 15
G - 9: 10, 4, 1, 0, 3, 8, 7, 2, 6, 12, 5, 11, 19, 28, 38, 47, 51, 48, 39, 40, 29, 20, 30, 41, 42, 31, 21, 13, 22, 14, 23, 15, 16, 17, 26, 25, 36, 35, 24, 34, 33, 32, 43, 49, 44, 45, 50, 46, 37, 27, 18
G - 16: 4, 1, 0, 2, 6, 12, 5, 11, 18, 10, 17, 26, 25, 15, 23, 33, 32, 43, 49, 51, 47, 50, 45, 44, 34, 24, 35, 36, 46, 37, 27, 38, 28, 19, 29, 20, 30, 41, 40, 39, 48, 42, 31, 21, 13, 22, 14, 7, 8, 3, 9
G - 17: 4, 1, 0, 2, 6, 12, 5, 11, 19, 28, 38, 47, 51, 48, 39, 40, 29, 20, 30, 41, 42, 31, 21, 13, 22, 14, 7, 8, 3, 9, 16, 15, 23, 33, 32, 43, 49, 44, 34, 24, 35, 45, 50, 46, 36, 25, 26, 37, 27, 18, 10
G - 10: 9, 3, 0, 2, 6, 12, 20, 29, 19, 28, 38, 47, 51, 49, 43, 31, 42, 48, 39, 40, 41, 30, 21, 13, 22, 32, 33, 23, 14, 7, 8, 15, 16, 17, 26, 25, 36, 35, 24, 34, 44, 45, 50, 46, 37, 27, 18, 11, 5, 1, 4

G - v_i':

G - 1: 9, 4, 10, 17, 26, 25, 36, 35, 24, 34, 33, 32, 22, 13, 21, 30, 20, 29, 19, 28, 38, 47, 51, 48, 39, 40, 41, 42, 31, 43, 49, 44, 45, 50, 46, 37, 27, 18, 11, 5, 12, 6, 2, 0, 3, 8, 7, 14, 23, 15, 16
G - 3: 16, 9, 4, 10, 18, 11, 5, 1, 0, 2, 6, 12, 20, 29, 19, 28, 38, 27, 37, 46, 36, 35, 24, 34, 44, 45, 50, 47, 51, 49, 43, 31, 42, 48, 39, 40, 41, 30, 21, 13, 22, 32, 33, 23, 14, 7, 8, 15, 25, 26, 17
G - 15: 17, 16, 9, 4, 1, 0, 3, 8, 7, 2, 6, 12, 5, 11, 19, 28, 38, 47, 51, 48, 39, 40, 29, 20, 30, 41, 42, 31, 21, 13, 22, 14, 23, 33, 32, 43, 49, 44, 34, 24, 35, 45, 50, 46, 36, 25, 26, 37, 27, 18, 10
G - 26: 10, 17, 16, 9, 3, 0, 2, 6, 12, 20, 29, 19, 28, 38, 47, 51, 49, 43, 31, 42, 48, 39, 40, 41, 30, 21, 13, 22, 32, 33, 23, 14, 7, 8, 15, 25, 36, 35, 24, 34, 44, 45, 50, 46, 37, 27, 18, 11, 5, 1, 4
G - 18: 4, 10, 17, 16, 15, 23, 14, 22, 13, 6, 12, 20, 29, 40, 39, 48, 42, 41, 30, 21, 31, 43, 32, 33, 34, 24, 35, 45, 44, 49, 51, 47, 50, 46, 36, 25, 26, 37, 27, 38, 28, 19, 11, 5, 1, 0, 2, 7, 8, 3, 9

Order 53: 
{0: 1 2 3; 1: 0 4 5 6; 2: 0 7 8; 3: 0 9 10; 4: 1 10 11; 5: 1 12 13; 6: 1 14 15; 7: 2 15 16 17; 8: 2 18 19; 9: 3 19 20; 10: 3 4 21; 11: 4 22 23; 12: 5 23 24; 13: 5 14 25; 14: 6 13 26; 15: 6 7 27; 16: 7 28 29 30; 17: 7 31 32; 18: 8 32 33; 19: 8 9 34; 20: 9 21 35; 21: 10 20 22; 22: 11 21 36; 23: 11 12 37; 24: 12 25 38; 25: 13 24 39; 26: 14 27 39; 27: 15 26 28; 28: 16 27 40; 29: 16 38 41; 30: 16 31 42; 31: 17 30 43; 32: 17 18 44; 33: 18 45 46; 34: 19 35 46; 35: 20 34 36; 36: 22 35 47; 37: 23 47 48; 38: 24 29 40; 39: 25 26 40; 40: 28 38 39; 41: 29 42 49; 42: 30 41 50; 43: 31 44 50; 44: 32 43 51; 45: 33 48 51; 46: 33 34 47; 47: 36 37 46; 48: 37 45 49; 49: 41 48 52; 50: 42 43 52; 51: 44 45 52; 52: 49 50 51}

Extendable 5-cycle: 26, 27, 28, 40, 39.

G - v_i:

G - 26: 28, 16, 7, 2, 0, 1, 4, 10, 3, 9, 20, 21, 22, 11, 23, 37, 48, 45, 33, 46, 47, 36, 35, 34, 19, 8, 18, 32, 17, 31, 30, 42, 50, 43, 44, 51, 52, 49, 41, 29, 38, 40, 39, 25, 24, 12, 5, 13, 14, 6, 15, 27
G - 27: 39, 25, 13, 5, 1, 0, 2, 8, 18, 33, 46, 34, 19, 9, 3, 10, 4, 11, 22, 21, 20, 35, 36, 47, 37, 23, 12, 24, 38, 40, 28, 16, 29, 41, 42, 30, 31, 43, 50, 52, 49, 48, 45, 51, 44, 32, 17, 7, 15, 6, 14, 26
G - 28: 26, 14, 6, 1, 5, 13, 25, 39, 40, 38, 24, 12, 23, 11, 4, 10, 3, 0, 2, 8, 19, 9, 20, 21, 22, 36, 35, 34, 46, 47, 37, 48, 45, 33, 18, 32, 17, 31, 30, 42, 50, 43, 44, 51, 52, 49, 41, 29, 16, 7, 15, 27
G - 40: 26, 14, 6, 1, 0, 2, 7, 15, 27, 28, 16, 30, 31, 17, 32, 18, 8, 19, 9, 3, 10, 4, 11, 23, 37, 47, 36, 22, 21, 20, 35, 34, 46, 33, 45, 48, 49, 52, 51, 44, 43, 50, 42, 41, 29, 38, 24, 12, 5, 13, 25, 39
G - 39: 27, 15, 6, 1, 5, 12, 23, 11, 4, 10, 3, 0, 2, 7, 17, 32, 44, 43, 31, 30, 42, 50, 52, 51, 45, 33, 18, 8, 19, 9, 20, 21, 22, 36, 35, 34, 46, 47, 37, 48, 49, 41, 29, 16, 28, 40, 38, 24, 25, 13, 14, 26

G - v_i':

G - 14: 27, 26, 39, 40, 38, 24, 25, 13, 5, 12, 23, 11, 4, 1, 6, 15, 7, 2, 0, 3, 10, 21, 22, 36, 47, 37, 48, 45, 33, 46, 34, 35, 20, 9, 19, 8, 18, 32, 17, 31, 30, 42, 50, 43, 44, 51, 52, 49, 41, 29, 16, 28
G - 15: 28, 27, 26, 39, 25, 24, 12, 5, 13, 14, 6, 1, 0, 2, 7, 16, 30, 31, 17, 32, 18, 8, 19, 9, 3, 10, 4, 11, 23, 37, 47, 36, 22, 21, 20, 35, 34, 46, 33, 45, 48, 49, 52, 51, 44, 43, 50, 42, 41, 29, 38, 40
G - 16: 40, 28, 27, 26, 14, 6, 15, 7, 2, 0, 1, 4, 10, 3, 9, 20, 21, 22, 11, 23, 37, 48, 45, 33, 46, 47, 36, 35, 34, 19, 8, 18, 32, 17, 31, 30, 42, 50, 43, 44, 51, 52, 49, 41, 29, 38, 24, 12, 5, 13, 25, 39
G - 38: 39, 40, 28, 27, 15, 7, 2, 0, 3, 9, 19, 8, 18, 32, 17, 31, 30, 16, 29, 41, 42, 50, 43, 44, 51, 52, 49, 48, 45, 33, 46, 34, 35, 20, 21, 10, 4, 11, 22, 36, 47, 37, 23, 12, 24, 25, 13, 5, 1, 6, 14, 26
G - 25: 26, 39, 40, 28, 16, 7, 2, 0, 1, 4, 10, 3, 9, 20, 21, 22, 11, 23, 37, 48, 45, 33, 46, 47, 36, 35, 34, 19, 8, 18, 32, 17, 31, 30, 42, 50, 43, 44, 51, 52, 49, 41, 29, 38, 24, 12, 5, 13, 14, 6, 15, 27