Order 22: 
{0: 8 16 18; 1: 5 6 20; 2: 4 9 20; 3: 7 17 18; 4: 2 5 10; 5: 1 4 13; 6: 1 8 19; 7: 3 9 21; 8: 0 6 15; 9: 2 7 11; 10: 4 11 12; 11: 9 10 15; 12: 10 13 14; 13: 5 12 17; 14: 12 15 16; 15: 8 11 14; 16: 0 14 17; 17: 3 13 16; 18: 0 3 19; 19: 6 18 21; 20: 1 2 21; 21: 7 19 20}

Extendable 5-cycle: 0, 8, 15, 14, 16.

G - v_i:

G - 0: 14, 12, 10, 4, 2, 9, 11, 15, 8, 6, 19, 18, 3, 7, 21, 20, 1, 5, 13, 17, 16
G - 8: 14, 12, 10, 4, 2, 20, 21, 19, 6, 1, 5, 13, 17, 16, 0, 18, 3, 7, 9, 11, 15
G - 15: 0, 8, 6, 1, 5, 13, 12, 14, 16, 17, 3, 7, 9, 11, 10, 4, 2, 20, 21, 19, 18
G - 14: 0, 16, 17, 3, 7, 9, 2, 4, 5, 13, 12, 10, 11, 15, 8, 6, 1, 20, 21, 19, 18
G - 16: 8, 0, 18, 3, 17, 13, 5, 1, 20, 2, 4, 10, 12, 14, 15, 11, 9, 7, 21, 19, 6

G - v_i':

G - 18: 8, 0, 16, 14, 12, 10, 4, 2, 20, 21, 19, 6, 1, 5, 13, 17, 3, 7, 9, 11, 15
G - 6: 15, 8, 0, 16, 17, 3, 18, 19, 21, 7, 9, 11, 10, 4, 2, 20, 1, 5, 13, 12, 14
G - 11: 14, 15, 8, 0, 18, 3, 7, 9, 2, 20, 21, 19, 6, 1, 5, 4, 10, 12, 13, 17, 16
G - 12: 16, 14, 15, 8, 6, 1, 5, 13, 17, 3, 7, 9, 11, 10, 4, 2, 20, 21, 19, 18, 0
G - 17: 0, 16, 14, 15, 11, 9, 2, 4, 10, 12, 13, 5, 1, 20, 21, 7, 3, 18, 19, 6, 8

Order 26: 
{0: 10 14 22; 1: 9 12 24; 2: 4 7 20; 3: 7 8 21; 4: 2 5 14; 5: 4 12 21; 6: 7 10 18; 7: 2 3 6; 8: 3 9 16; 9: 1 8 23; 10: 0 6 25; 11: 17 19 20; 12: 1 5 13; 13: 12 19 25; 14: 0 4 15; 15: 14 17 23; 16: 8 17 22; 17: 11 15 16; 18: 6 19 24; 19: 11 13 18; 20: 2 11 21; 21: 3 5 20; 22: 0 16 23; 23: 9 15 22; 24: 1 18 25; 25: 10 13 24}

Extendable 5-cycle: 0, 14, 15, 23, 22.

G - v_i:

G - 0: 15, 14, 4, 2, 7, 3, 8, 16, 22, 23, 9, 1, 24, 25, 10, 6, 18, 19, 13, 12, 5, 21, 20, 11, 17
G - 14: 22, 0, 10, 6, 18, 19, 13, 25, 24, 1, 12, 5, 4, 2, 7, 3, 21, 20, 11, 17, 15, 23, 9, 8, 16
G - 15: 0, 10, 6, 18, 19, 13, 25, 24, 1, 12, 5, 21, 20, 11, 17, 16, 22, 23, 9, 8, 3, 7, 2, 4, 14
G - 23: 0, 10, 6, 7, 2, 20, 11, 19, 18, 24, 25, 13, 12, 1, 9, 8, 3, 21, 5, 4, 14, 15, 17, 16, 22
G - 22: 14, 0, 10, 6, 7, 2, 20, 11, 19, 18, 24, 25, 13, 12, 1, 9, 23, 15, 17, 16, 8, 3, 21, 5, 4

G - v_i':

G - 10: 14, 0, 22, 23, 9, 1, 12, 5, 4, 2, 7, 6, 18, 24, 25, 13, 19, 11, 20, 21, 3, 8, 16, 17, 15
G - 4: 15, 14, 0, 22, 16, 17, 11, 19, 13, 25, 10, 6, 18, 24, 1, 12, 5, 21, 20, 2, 7, 3, 8, 9, 23
G - 17: 23, 15, 14, 0, 10, 6, 7, 3, 21, 5, 4, 2, 20, 11, 19, 18, 24, 25, 13, 12, 1, 9, 8, 16, 22
G - 9: 22, 23, 15, 14, 4, 2, 7, 3, 8, 16, 17, 11, 20, 21, 5, 12, 1, 24, 25, 13, 19, 18, 6, 10, 0
G - 16: 0, 22, 23, 15, 17, 11, 19, 18, 24, 1, 9, 8, 3, 7, 6, 10, 25, 13, 12, 5, 21, 20, 2, 4, 14

Order 28: 
{0: 4 8 14; 1: 5 9 20; 2: 4 11 15; 3: 7 8 12; 4: 0 2 21; 5: 1 12 22; 6: 7 10 19; 7: 3 6 15; 8: 0 3 9; 9: 1 8 11; 10: 6 13 14; 11: 2 9 13; 12: 3 5 13; 13: 10 11 12; 14: 0 10 17; 15: 2 7 17; 16: 17 19 20; 17: 14 15 16; 18: 21 22 26; 19: 6 16 24; 20: 1 16 27; 21: 4 18 25; 22: 5 18 23; 23: 22 25 27; 24: 19 25 26; 25: 21 23 24; 26: 18 24 27; 27: 20 23 26}

Extendable 5-cycle: 18, 21, 25, 23, 22.

G - v_i:

G - 18: 23, 22, 5, 1, 20, 16, 19, 6, 7, 3, 12, 13, 10, 14, 17, 15, 2, 11, 9, 8, 0, 4, 21, 25, 24, 26, 27
G - 21: 22, 5, 1, 9, 8, 0, 4, 2, 11, 13, 12, 3, 7, 15, 17, 14, 10, 6, 19, 16, 20, 27, 23, 25, 24, 26, 18
G - 25: 18, 21, 4, 0, 8, 3, 12, 13, 10, 14, 17, 16, 20, 27, 23, 22, 5, 1, 9, 11, 2, 15, 7, 6, 19, 24, 26
G - 23: 18, 22, 5, 1, 9, 8, 0, 14, 10, 6, 19, 24, 25, 21, 4, 2, 11, 13, 12, 3, 7, 15, 17, 16, 20, 27, 26
G - 22: 21, 4, 0, 14, 10, 13, 12, 5, 1, 20, 16, 17, 15, 2, 11, 9, 8, 3, 7, 6, 19, 24, 25, 23, 27, 26, 18

G - v_i':

G - 26: 21, 18, 22, 23, 27, 20, 1, 5, 12, 3, 8, 9, 11, 13, 10, 6, 7, 15, 2, 4, 0, 14, 17, 16, 19, 24, 25
G - 4: 25, 21, 18, 22, 5, 1, 20, 16, 17, 14, 0, 8, 9, 11, 2, 15, 7, 3, 12, 13, 10, 6, 19, 24, 26, 27, 23
G - 24: 23, 25, 21, 18, 26, 27, 20, 1, 9, 8, 3, 7, 15, 17, 16, 19, 6, 10, 14, 0, 4, 2, 11, 13, 12, 5, 22
G - 27: 22, 23, 25, 21, 4, 0, 14, 10, 13, 12, 5, 1, 20, 16, 17, 15, 2, 11, 9, 8, 3, 7, 6, 19, 24, 26, 18
G - 5: 18, 22, 23, 25, 24, 26, 27, 20, 1, 9, 8, 0, 14, 10, 6, 19, 16, 17, 15, 7, 3, 12, 13, 11, 2, 4, 21

Order 30: 
{0: 4 10 12; 1: 5 11 14; 2: 4 7 9; 3: 5 7 8; 4: 0 2 5; 5: 1 3 4; 6: 7 10 14; 7: 2 3 6; 8: 3 12 16; 9: 2 11 16; 10: 0 6 20; 11: 1 9 18; 12: 0 8 21; 13: 17 21 24; 14: 1 6 19; 15: 19 20 28; 16: 8 9 17; 17: 13 16 23; 18: 11 23 27; 19: 14 15 27; 20: 10 15 25; 21: 12 13 25; 22: 23 24 26; 23: 17 18 22; 24: 13 22 29; 25: 20 21 29; 26: 22 27 28; 27: 18 19 26; 28: 15 26 29; 29: 24 25 28}

Extendable 5-cycle: 2, 4, 5, 3, 7.

G - v_i:

G - 2: 3, 7, 6, 10, 0, 4, 5, 1, 14, 19, 15, 20, 25, 29, 28, 26, 27, 18, 11, 9, 16, 17, 23, 22, 24, 13, 21, 12, 8
G - 4: 3, 5, 1, 11, 9, 2, 7, 6, 14, 19, 15, 20, 10, 0, 12, 21, 25, 29, 28, 26, 27, 18, 23, 22, 24, 13, 17, 16, 8
G - 5: 2, 4, 0, 10, 20, 15, 19, 27, 26, 28, 29, 25, 21, 12, 8, 3, 7, 6, 14, 1, 11, 18, 23, 22, 24, 13, 17, 16, 9
G - 3: 2, 7, 6, 10, 20, 15, 19, 14, 1, 5, 4, 0, 12, 8, 16, 17, 23, 22, 24, 13, 21, 25, 29, 28, 26, 27, 18, 11, 9
G - 7: 4, 0, 10, 6, 14, 19, 15, 20, 25, 29, 28, 26, 27, 18, 11, 1, 5, 3, 8, 12, 21, 13, 24, 22, 23, 17, 16, 9, 2

G - v_i':

G - 9: 4, 2, 7, 3, 8, 16, 17, 13, 21, 12, 0, 10, 6, 14, 19, 27, 26, 28, 15, 20, 25, 29, 24, 22, 23, 18, 11, 1, 5
G - 0: 5, 4, 2, 7, 6, 10, 20, 15, 19, 14, 1, 11, 9, 16, 17, 13, 24, 22, 23, 18, 27, 26, 28, 29, 25, 21, 12, 8, 3
G - 1: 3, 5, 4, 2, 9, 11, 18, 23, 17, 16, 8, 12, 0, 10, 20, 15, 28, 29, 25, 21, 13, 24, 22, 26, 27, 19, 14, 6, 7
G - 8: 7, 3, 5, 4, 0, 12, 21, 13, 24, 22, 26, 27, 19, 15, 28, 29, 25, 20, 10, 6, 14, 1, 11, 18, 23, 17, 16, 9, 2
G - 6: 2, 7, 3, 5, 1, 14, 19, 15, 28, 26, 27, 18, 11, 9, 16, 8, 12, 21, 13, 17, 23, 22, 24, 29, 25, 20, 10, 0, 4

Order 32: 
{0: 4 8 14; 1: 9 20 24; 2: 4 11 15; 3: 7 8 12; 4: 0 2 18; 5: 12 22 28; 6: 7 10 21; 7: 3 6 15; 8: 0 3 9; 9: 1 8 11; 10: 6 13 14; 11: 2 9 13; 12: 3 5 13; 13: 10 11 12; 14: 0 10 17; 15: 2 7 17; 16: 17 24 26; 17: 14 15 16; 18: 4 19 28; 19: 18 21 23; 20: 1 21 25; 21: 6 19 20; 22: 5 25 30; 23: 19 26 29; 24: 1 16 27; 25: 20 22 27; 26: 16 23 31; 27: 24 25 31; 28: 5 18 29; 29: 23 28 30; 30: 22 29 31; 31: 26 27 30}

Extendable 5-cycle: 5, 22, 30, 29, 28.

G - v_i:

G - 5: 29, 23, 26, 16, 17, 14, 10, 6, 7, 15, 2, 4, 0, 8, 3, 12, 13, 11, 9, 1, 24, 27, 31, 30, 22, 25, 20, 21, 19, 18, 28
G - 22: 28, 5, 12, 3, 7, 15, 17, 14, 0, 8, 9, 1, 20, 25, 27, 24, 16, 26, 31, 30, 29, 23, 19, 21, 6, 10, 13, 11, 2, 4, 18
G - 30: 5, 12, 3, 7, 6, 10, 13, 11, 9, 8, 0, 14, 17, 15, 2, 4, 18, 28, 29, 23, 19, 21, 20, 1, 24, 16, 26, 31, 27, 25, 22
G - 29: 5, 12, 3, 7, 15, 17, 14, 0, 8, 9, 1, 20, 25, 22, 30, 31, 27, 24, 16, 26, 23, 19, 21, 6, 10, 13, 11, 2, 4, 18, 28
G - 28: 22, 5, 12, 3, 7, 6, 10, 13, 11, 9, 8, 0, 14, 17, 15, 2, 4, 18, 19, 21, 20, 1, 24, 16, 26, 23, 29, 30, 31, 27, 25

G - v_i':

G - 12: 22, 5, 28, 29, 23, 26, 16, 24, 1, 9, 8, 3, 7, 6, 10, 13, 11, 2, 15, 17, 14, 0, 4, 18, 19, 21, 20, 25, 27, 31, 30
G - 25: 30, 22, 5, 28, 18, 19, 21, 20, 1, 9, 8, 3, 12, 13, 11, 2, 4, 0, 14, 10, 6, 7, 15, 17, 16, 24, 27, 31, 26, 23, 29
G - 31: 29, 30, 22, 5, 12, 3, 7, 15, 17, 14, 0, 8, 9, 1, 20, 25, 27, 24, 16, 26, 23, 19, 21, 6, 10, 13, 11, 2, 4, 18, 28
G - 23: 28, 29, 30, 22, 25, 20, 1, 24, 27, 31, 26, 16, 17, 14, 0, 8, 9, 11, 13, 10, 6, 21, 19, 18, 4, 2, 15, 7, 3, 12, 5
G - 18: 5, 28, 29, 30, 31, 26, 23, 19, 21, 20, 1, 9, 8, 3, 12, 13, 11, 2, 4, 0, 14, 10, 6, 7, 15, 17, 16, 24, 27, 25, 22

Order 34: 
{0: 8 20 24; 1: 5 6 16; 2: 7 11 28; 3: 7 17 23; 4: 5 28 32; 5: 1 4 29; 6: 1 10 18; 7: 2 3 18; 8: 0 23 27; 9: 11 15 25; 10: 6 11 12; 11: 2 9 10; 12: 10 13 20; 13: 12 15 16; 14: 15 17 33; 15: 9 13 14; 16: 1 13 19; 17: 3 14 19; 18: 6 7 21; 19: 16 17 21; 20: 0 12 21; 21: 18 19 20; 22: 23 24 26; 23: 3 8 22; 24: 0 22 25; 25: 9 24 27; 26: 22 27 30; 27: 8 25 26; 28: 2 4 31; 29: 5 31 33; 30: 26 31 32; 31: 28 29 30; 32: 4 30 33; 33: 14 29 32}

Extendable 5-cycle: 4, 28, 31, 30, 32.

G - v_i:

G - 4: 30, 26, 22, 23, 8, 27, 25, 24, 0, 20, 12, 10, 6, 1, 5, 29, 31, 28, 2, 11, 9, 15, 13, 16, 19, 21, 18, 7, 3, 17, 14, 33, 32
G - 28: 30, 26, 22, 24, 0, 20, 12, 10, 11, 2, 7, 3, 23, 8, 27, 25, 9, 15, 13, 16, 1, 6, 18, 21, 19, 17, 14, 33, 32, 4, 5, 29, 31
G - 31: 4, 5, 29, 33, 32, 30, 26, 22, 24, 0, 20, 12, 10, 6, 1, 16, 13, 15, 14, 17, 19, 21, 18, 7, 3, 23, 8, 27, 25, 9, 11, 2, 28
G - 30: 4, 5, 1, 16, 13, 12, 20, 21, 19, 17, 14, 15, 9, 25, 24, 0, 8, 27, 26, 22, 23, 3, 7, 18, 6, 10, 11, 2, 28, 31, 29, 33, 32
G - 32: 28, 2, 7, 3, 17, 14, 33, 29, 31, 30, 26, 22, 23, 8, 27, 25, 24, 0, 20, 12, 10, 11, 9, 15, 13, 16, 19, 21, 18, 6, 1, 5, 4

G - v_i':

G - 5: 28, 4, 32, 30, 26, 22, 24, 0, 20, 12, 10, 11, 2, 7, 3, 23, 8, 27, 25, 9, 15, 13, 16, 1, 6, 18, 21, 19, 17, 14, 33, 29, 31
G - 2: 31, 28, 4, 32, 33, 29, 5, 1, 6, 10, 11, 9, 15, 14, 17, 3, 7, 18, 21, 19, 16, 13, 12, 20, 0, 8, 23, 22, 24, 25, 27, 26, 30
G - 29: 30, 31, 28, 4, 5, 1, 6, 10, 11, 2, 7, 18, 21, 20, 12, 13, 16, 19, 17, 3, 23, 8, 0, 24, 22, 26, 27, 25, 9, 15, 14, 33, 32
G - 26: 32, 30, 31, 28, 2, 7, 3, 17, 19, 16, 1, 6, 18, 21, 20, 0, 24, 22, 23, 8, 27, 25, 9, 11, 10, 12, 13, 15, 14, 33, 29, 5, 4
G - 33: 4, 32, 30, 31, 29, 5, 1, 16, 13, 12, 20, 21, 19, 17, 14, 15, 9, 25, 24, 0, 8, 27, 26, 22, 23, 3, 7, 18, 6, 10, 11, 2, 28

Order 36: 
{0: 4 10 14; 1: 6 9 28; 2: 4 11 15; 3: 7 8 27; 4: 0 2 5; 5: 4 12 30; 6: 1 7 18; 7: 3 6 20; 8: 3 9 21; 9: 1 8 19; 10: 0 13 18; 11: 2 13 19; 12: 5 13 22; 13: 10 11 12; 14: 0 17 21; 15: 2 17 20; 16: 17 24 32; 17: 14 15 16; 18: 6 10 23; 19: 9 11 23; 20: 7 15 25; 21: 8 14 25; 22: 12 23 26; 23: 18 19 22; 24: 16 25 27; 25: 20 21 24; 26: 22 27 34; 27: 3 24 26; 28: 1 29 33; 29: 28 30 35; 30: 5 29 31; 31: 30 33 34; 32: 16 33 35; 33: 28 31 32; 34: 26 31 35; 35: 29 32 34}

Extendable 5-cycle: 28, 29, 30, 31, 33.

G - v_i:

G - 28: 30, 5, 4, 0, 14, 17, 16, 24, 25, 21, 8, 9, 1, 6, 18, 10, 13, 12, 22, 23, 19, 11, 2, 15, 20, 7, 3, 27, 26, 34, 31, 33, 32, 35, 29
G - 29: 31, 30, 5, 4, 0, 10, 13, 12, 22, 26, 27, 3, 7, 6, 18, 23, 19, 11, 2, 15, 20, 25, 24, 16, 17, 14, 21, 8, 9, 1, 28, 33, 32, 35, 34
G - 30: 28, 1, 6, 18, 10, 0, 4, 5, 12, 13, 11, 2, 15, 17, 14, 21, 8, 9, 19, 23, 22, 26, 27, 3, 7, 20, 25, 24, 16, 32, 33, 31, 34, 35, 29
G - 31: 28, 1, 6, 7, 3, 27, 24, 25, 20, 15, 2, 4, 0, 10, 18, 23, 22, 26, 34, 35, 29, 30, 5, 12, 13, 11, 19, 9, 8, 21, 14, 17, 16, 32, 33
G - 33: 29, 28, 1, 6, 7, 3, 27, 24, 25, 20, 15, 2, 4, 0, 10, 18, 23, 22, 26, 34, 31, 30, 5, 12, 13, 11, 19, 9, 8, 21, 14, 17, 16, 32, 35

G - v_i':

G - 1: 29, 28, 33, 31, 34, 35, 32, 16, 24, 25, 20, 15, 17, 14, 21, 8, 9, 19, 23, 22, 26, 27, 3, 7, 6, 18, 10, 0, 4, 2, 11, 13, 12, 5, 30
G - 35: 30, 29, 28, 33, 32, 16, 17, 14, 0, 4, 5, 12, 13, 10, 18, 6, 1, 9, 8, 21, 25, 24, 27, 3, 7, 20, 15, 2, 11, 19, 23, 22, 26, 34, 31
G - 5: 31, 30, 29, 28, 1, 6, 7, 3, 8, 9, 19, 11, 13, 12, 22, 23, 18, 10, 0, 4, 2, 15, 20, 25, 21, 14, 17, 16, 24, 27, 26, 34, 35, 32, 33
G - 34: 33, 31, 30, 29, 35, 32, 16, 17, 14, 21, 8, 3, 7, 6, 18, 10, 0, 4, 5, 12, 13, 11, 2, 15, 20, 25, 24, 27, 26, 22, 23, 19, 9, 1, 28
G - 32: 28, 33, 31, 30, 5, 4, 0, 14, 17, 16, 24, 25, 21, 8, 9, 1, 6, 18, 10, 13, 12, 22, 23, 19, 11, 2, 15, 20, 7, 3, 27, 26, 34, 35, 29

Order 38: 
{0: 3 10 28; 1: 9 11 34; 2: 15 19 20; 3: 0 5 16; 4: 7 10 13; 5: 3 13 14; 6: 7 11 17; 7: 4 6 20; 8: 9 17 18; 9: 1 8 12; 10: 0 4 21; 11: 1 6 21; 12: 9 15 31; 13: 4 5 33; 14: 5 15 36; 15: 2 12 14; 16: 3 19 26; 17: 6 8 23; 18: 8 19 25; 19: 2 16 18; 20: 2 7 21; 21: 10 11 20; 22: 23 27 28; 23: 17 22 24; 24: 23 25 29; 25: 18 24 27; 26: 16 27 29; 27: 22 25 26; 28: 0 22 29; 29: 24 26 28; 30: 33 34 37; 31: 12 35 37; 32: 33 35 36; 33: 13 30 32; 34: 1 30 35; 35: 31 32 34; 36: 14 32 37; 37: 30 31 36}

Extendable 5-cycle: 22, 23, 24, 25, 27.

G - v_i:

G - 22: 24, 23, 17, 6, 7, 20, 2, 19, 16, 26, 27, 25, 18, 8, 9, 1, 11, 21, 10, 4, 13, 33, 30, 34, 35, 32, 36, 37, 31, 12, 15, 14, 5, 3, 0, 28, 29
G - 23: 25, 18, 8, 17, 6, 7, 20, 21, 11, 1, 9, 12, 31, 35, 34, 30, 37, 36, 32, 33, 13, 4, 10, 0, 3, 5, 14, 15, 2, 19, 16, 26, 27, 22, 28, 29, 24
G - 24: 22, 23, 17, 6, 7, 20, 21, 11, 1, 34, 30, 33, 32, 35, 31, 37, 36, 14, 5, 13, 4, 10, 0, 3, 16, 19, 2, 15, 12, 9, 8, 18, 25, 27, 26, 29, 28
G - 25: 22, 27, 26, 29, 24, 23, 17, 6, 11, 21, 10, 4, 7, 20, 2, 15, 12, 31, 35, 32, 33, 13, 5, 14, 36, 37, 30, 34, 1, 9, 8, 18, 19, 16, 3, 0, 28
G - 27: 23, 17, 6, 7, 20, 2, 19, 16, 26, 29, 24, 25, 18, 8, 9, 1, 11, 21, 10, 4, 13, 33, 30, 34, 35, 32, 36, 37, 31, 12, 15, 14, 5, 3, 0, 28, 22

G - v_i':

G - 28: 23, 22, 27, 25, 18, 8, 17, 6, 7, 20, 21, 11, 1, 9, 12, 31, 35, 34, 30, 37, 36, 32, 33, 13, 4, 10, 0, 3, 5, 14, 15, 2, 19, 16, 26, 29, 24
G - 17: 24, 23, 22, 27, 26, 29, 28, 0, 10, 4, 7, 6, 11, 21, 20, 2, 19, 16, 3, 5, 13, 33, 30, 37, 31, 12, 15, 14, 36, 32, 35, 34, 1, 9, 8, 18, 25
G - 29: 25, 24, 23, 22, 28, 0, 3, 5, 13, 33, 30, 37, 31, 12, 9, 1, 34, 35, 32, 36, 14, 15, 2, 20, 7, 4, 10, 21, 11, 6, 17, 8, 18, 19, 16, 26, 27
G - 18: 27, 25, 24, 23, 17, 8, 9, 1, 11, 6, 7, 4, 13, 33, 30, 34, 35, 32, 36, 37, 31, 12, 15, 14, 5, 3, 0, 10, 21, 20, 2, 19, 16, 26, 29, 28, 22
G - 26: 22, 27, 25, 24, 29, 28, 0, 3, 16, 19, 18, 8, 9, 1, 34, 30, 37, 36, 14, 5, 13, 33, 32, 35, 31, 12, 15, 2, 20, 7, 4, 10, 21, 11, 6, 17, 23

Order 40: 
{0: 4 8 14; 1: 5 6 16; 2: 4 11 36; 3: 7 26 28; 4: 0 2 5; 5: 1 4 12; 6: 1 7 10; 7: 3 6 33; 8: 0 9 20; 9: 8 11 16; 10: 6 13 14; 11: 2 9 13; 12: 5 13 19; 13: 10 11 12; 14: 0 10 17; 15: 17 25 35; 16: 1 9 17; 17: 14 15 16; 18: 29 30 38; 19: 12 22 27; 20: 8 21 24; 21: 20 23 30; 22: 19 23 28; 23: 21 22 25; 24: 20 26 31; 25: 15 23 31; 26: 3 24 27; 27: 19 26 29; 28: 3 22 29; 29: 18 27 28; 30: 18 21 31; 31: 24 25 30; 32: 35 36 39; 33: 7 37 39; 34: 35 37 38; 35: 15 32 34; 36: 2 32 37; 37: 33 34 36; 38: 18 34 39; 39: 32 33 38}

Extendable 5-cycle: 32, 35, 34, 37, 36.

G - v_i:

G - 32: 34, 35, 15, 17, 14, 10, 13, 12, 5, 4, 0, 8, 20, 24, 31, 25, 23, 21, 30, 18, 29, 28, 22, 19, 27, 26, 3, 7, 6, 1, 16, 9, 11, 2, 36, 37, 33, 39, 38
G - 35: 36, 2, 4, 5, 1, 16, 17, 15, 25, 23, 21, 20, 24, 31, 30, 18, 29, 27, 26, 3, 28, 22, 19, 12, 13, 11, 9, 8, 0, 14, 10, 6, 7, 33, 37, 34, 38, 39, 32
G - 34: 32, 35, 15, 17, 14, 0, 4, 5, 12, 19, 22, 23, 25, 31, 24, 26, 27, 29, 28, 3, 7, 33, 37, 36, 2, 11, 13, 10, 6, 1, 16, 9, 8, 20, 21, 30, 18, 38, 39
G - 37: 32, 36, 2, 4, 0, 14, 17, 16, 1, 5, 12, 19, 22, 28, 3, 26, 27, 29, 18, 38, 34, 35, 15, 25, 23, 21, 30, 31, 24, 20, 8, 9, 11, 13, 10, 6, 7, 33, 39
G - 36: 34, 37, 33, 39, 32, 35, 15, 17, 14, 0, 4, 2, 11, 13, 10, 6, 7, 3, 26, 24, 31, 25, 23, 22, 28, 29, 27, 19, 12, 5, 1, 16, 9, 8, 20, 21, 30, 18, 38

G - v_i':

G - 39: 35, 32, 36, 37, 33, 7, 3, 26, 24, 20, 21, 23, 22, 28, 29, 27, 19, 12, 5, 4, 2, 11, 13, 10, 6, 1, 16, 9, 8, 0, 14, 17, 15, 25, 31, 30, 18, 38, 34
G - 15: 34, 35, 32, 36, 2, 4, 0, 14, 17, 16, 1, 5, 12, 19, 22, 23, 25, 31, 24, 26, 27, 29, 28, 3, 7, 6, 10, 13, 11, 9, 8, 20, 21, 30, 18, 38, 39, 33, 37
G - 38: 37, 34, 35, 32, 39, 33, 7, 3, 26, 27, 19, 22, 28, 29, 18, 30, 31, 24, 20, 21, 23, 25, 15, 17, 14, 10, 6, 1, 16, 9, 8, 0, 4, 5, 12, 13, 11, 2, 36
G - 33: 36, 37, 34, 35, 15, 17, 14, 0, 4, 2, 11, 13, 10, 6, 7, 3, 26, 24, 31, 25, 23, 22, 28, 29, 27, 19, 12, 5, 1, 16, 9, 8, 20, 21, 30, 18, 38, 39, 32
G - 2: 32, 36, 37, 34, 38, 39, 33, 7, 3, 26, 27, 19, 22, 28, 29, 18, 30, 21, 23, 25, 31, 24, 20, 8, 0, 4, 5, 12, 13, 11, 9, 16, 1, 6, 10, 14, 17, 15, 35

Order 44: 
{0: 1 2 3; 1: 0 30 35; 2: 0 32 34; 3: 0 31 33; 4: 20 21 28; 5: 19 22 28; 6: 16 24 27; 7: 14 15 18; 8: 16 18 26; 9: 10 11 24; 10: 9 14 40; 11: 9 13 15; 12: 13 14 26; 13: 11 12 17; 14: 7 10 12; 15: 7 11 29; 16: 6 8 42; 17: 13 20 23; 18: 7 8 19; 19: 5 18 27; 20: 4 17 25; 21: 4 22 23; 22: 5 21 25; 23: 17 21 30; 24: 6 9 37; 25: 20 22 32; 26: 8 12 31; 27: 6 19 31; 28: 4 5 33; 29: 15 30 34; 30: 1 23 29; 31: 3 26 27; 32: 2 25 39; 33: 3 28 35; 34: 2 29 35; 35: 1 33 34; 36: 39 40 43; 37: 24 41 43; 38: 39 41 42; 39: 32 36 38; 40: 10 36 41; 41: 37 38 40; 42: 16 38 43; 43: 36 37 42}

Extendable 5-cycle: 0, 1, 35, 34, 2.

G - v_i:

G - 0: 34, 2, 32, 25, 22, 21, 23, 30, 1, 35, 33, 3, 31, 26, 12, 14, 7, 18, 8, 16, 42, 38, 39, 36, 43, 37, 41, 40, 10, 9, 24, 6, 27, 19, 5, 28, 4, 20, 17, 13, 11, 15, 29
G - 1: 2, 0, 3, 33, 35, 34, 29, 30, 23, 17, 20, 25, 22, 21, 4, 28, 5, 19, 18, 8, 16, 6, 27, 31, 26, 12, 13, 11, 15, 7, 14, 10, 9, 24, 37, 41, 40, 36, 43, 42, 38, 39, 32
G - 35: 0, 1, 30, 29, 34, 2, 32, 39, 36, 40, 41, 38, 42, 43, 37, 24, 6, 16, 8, 26, 31, 27, 19, 18, 7, 15, 11, 9, 10, 14, 12, 13, 17, 23, 21, 4, 20, 25, 22, 5, 28, 33, 3
G - 34: 0, 2, 32, 25, 20, 4, 28, 33, 35, 1, 30, 29, 15, 7, 18, 8, 26, 12, 14, 10, 40, 36, 39, 38, 41, 37, 43, 42, 16, 6, 24, 9, 11, 13, 17, 23, 21, 22, 5, 19, 27, 31, 3
G - 2: 1, 0, 3, 31, 26, 8, 16, 42, 38, 41, 40, 10, 9, 11, 15, 29, 34, 35, 33, 28, 5, 22, 21, 4, 20, 25, 32, 39, 36, 43, 37, 24, 6, 27, 19, 18, 7, 14, 12, 13, 17, 23, 30

G - v_i':

G - 3: 1, 0, 2, 34, 29, 30, 23, 17, 13, 12, 14, 10, 9, 11, 15, 7, 18, 19, 27, 31, 26, 8, 16, 6, 24, 37, 41, 40, 36, 43, 42, 38, 39, 32, 25, 20, 4, 21, 22, 5, 28, 33, 35
G - 30: 35, 1, 0, 2, 32, 25, 20, 4, 28, 33, 3, 31, 26, 12, 14, 7, 18, 8, 16, 42, 38, 39, 36, 43, 37, 41, 40, 10, 9, 24, 6, 27, 19, 5, 22, 21, 23, 17, 13, 11, 15, 29, 34
G - 33: 34, 35, 1, 0, 3, 31, 26, 8, 16, 42, 38, 41, 40, 10, 9, 11, 15, 29, 30, 23, 21, 4, 28, 5, 22, 25, 20, 17, 13, 12, 14, 7, 18, 19, 27, 6, 24, 37, 43, 36, 39, 32, 2
G - 29: 2, 34, 35, 1, 30, 23, 17, 13, 12, 14, 10, 9, 11, 15, 7, 18, 19, 27, 31, 26, 8, 16, 6, 24, 37, 41, 40, 36, 43, 42, 38, 39, 32, 25, 20, 4, 21, 22, 5, 28, 33, 3, 0
G - 32: 0, 2, 34, 35, 33, 3, 31, 26, 12, 14, 7, 18, 8, 16, 42, 38, 39, 36, 43, 37, 41, 40, 10, 9, 24, 6, 27, 19, 5, 28, 4, 20, 25, 22, 21, 23, 17, 13, 11, 15, 29, 30, 1

